01.01.2020 00:00;10431136
01.01.2020 01:00;10105347
01.01.2020 02:00;9770137
01.01.2020 03:00;9633372
01.01.2020 04:00;9616853
01.01.2020 05:00;9666221
01.01.2020 06:00;9847169
01.01.2020 07:00;9874677
01.01.2020 08:00;10085766
01.01.2020 09:00;10057076
01.01.2020 10:00;10130165
01.01.2020 11:00;10282376
01.01.2020 12:00;10315195
01.01.2020 13:00;10336257
01.01.2020 14:00;10409187
01.01.2020 15:00;10718670
01.01.2020 16:00;10938048
01.01.2020 17:00;10985717
01.01.2020 18:00;10999041
01.01.2020 19:00;10931605
01.01.2020 20:00;10668868
01.01.2020 21:00;10257407
01.01.2020 22:00;10469398
01.01.2020 23:00;10271008
02.01.2020 00:00;9895703
02.01.2020 01:00;9574168
02.01.2020 02:00;9374284
02.01.2020 03:00;9246564
02.01.2020 04:00;9306852
02.01.2020 05:00;9541492
02.01.2020 06:00;10192762
02.01.2020 07:00;10628557
02.01.2020 08:00;10951793
02.01.2020 09:00;10931769
02.01.2020 10:00;10887484
02.01.2020 11:00;10870646
02.01.2020 12:00;10899484
02.01.2020 13:00;10882759
02.01.2020 14:00;10865888
02.01.2020 15:00;11094060
02.01.2020 16:00;11202179
02.01.2020 17:00;11251191
02.01.2020 18:00;11178098
02.01.2020 19:00;11149142
02.01.2020 20:00;10951008
02.01.2020 21:00;10578392
02.01.2020 22:00;10615801
02.01.2020 23:00;10400219
03.01.2020 00:00;9927051
03.01.2020 01:00;9524914
03.01.2020 02:00;9384694
03.01.2020 03:00;9327856
03.01.2020 04:00;9378638
03.01.2020 05:00;9656500
03.01.2020 06:00;10286930
03.01.2020 07:00;10644547
03.01.2020 08:00;10913723
03.01.2020 09:00;10980286
03.01.2020 10:00;10944244
03.01.2020 11:00;10980978
03.01.2020 12:00;11073359
03.01.2020 13:00;11072086
03.01.2020 14:00;11051441
03.01.2020 15:00;11286493
03.01.2020 16:00;11385260
03.01.2020 17:00;11407619
03.01.2020 18:00;11375256
03.01.2020 19:00;11359588
03.01.2020 20:00;11199013
03.01.2020 21:00;10793593
03.01.2020 22:00;10860608
03.01.2020 23:00;10633628
04.01.2020 00:00;10144209
04.01.2020 01:00;9806738
04.01.2020 02:00;9568179
04.01.2020 03:00;9462905
04.01.2020 04:00;9481002
04.01.2020 05:00;9582662
04.01.2020 06:00;9889163
04.01.2020 07:00;9996124
04.01.2020 08:00;10369363
04.01.2020 09:00;10472700
04.01.2020 10:00;10636124
04.01.2020 11:00;10747087
04.01.2020 12:00;10833543
04.01.2020 13:00;10766938
04.01.2020 14:00;10840024
04.01.2020 15:00;11060147
04.01.2020 16:00;11492828
04.01.2020 17:00;11609489
04.01.2020 18:00;11751383
04.01.2020 19:00;11656264
04.01.2020 20:00;11333684
04.01.2020 21:00;10914788
04.01.2020 22:00;11120246
04.01.2020 23:00;10936828
05.01.2020 00:00;10471991
05.01.2020 01:00;10100835
05.01.2020 02:00;9918052
05.01.2020 03:00;9857353
05.01.2020 04:00;9883548
05.01.2020 05:00;9942313
05.01.2020 06:00;10145358
05.01.2020 07:00;10258648
05.01.2020 08:00;10559261
05.01.2020 09:00;10706119
05.01.2020 10:00;10893188
05.01.2020 11:00;11029404
05.01.2020 12:00;11034026
05.01.2020 13:00;11022129
05.01.2020 14:00;11107983
05.01.2020 15:00;11362644
05.01.2020 16:00;11636609
05.01.2020 17:00;11747123
05.01.2020 18:00;11827830
05.01.2020 19:00;11806354
05.01.2020 20:00;11540568
05.01.2020 21:00;11149166
05.01.2020 22:00;11358857
05.01.2020 23:00;11162916
06.01.2020 00:00;10675808
06.01.2020 01:00;10304313
06.01.2020 02:00;10113585
06.01.2020 03:00;9974070
06.01.2020 04:00;10015497
06.01.2020 05:00;10097032
06.01.2020 06:00;10291202
06.01.2020 07:00;10345162
06.01.2020 08:00;10626809
06.01.2020 09:00;10632102
06.01.2020 10:00;10796009
06.01.2020 11:00;10882178
06.01.2020 12:00;10944235
06.01.2020 13:00;10919939
06.01.2020 14:00;10986220
06.01.2020 15:00;11106862
06.01.2020 16:00;11418201
06.01.2020 17:00;11489318
06.01.2020 18:00;11491409
06.01.2020 19:00;11491485
06.01.2020 20:00;11228060
06.01.2020 21:00;10672796
06.01.2020 22:00;10822069
06.01.2020 23:00;10617034
07.01.2020 00:00;10166883
07.01.2020 01:00;9839206
07.01.2020 02:00;9577384
07.01.2020 03:00;9421948
07.01.2020 04:00;9478691
07.01.2020 05:00;9774008
07.01.2020 06:00;10623873
07.01.2020 07:00;11230150
07.01.2020 08:00;11590287
07.01.2020 09:00;11539000
07.01.2020 10:00;11401426
07.01.2020 11:00;11348984
07.01.2020 12:00;11316435
07.01.2020 13:00;11264254
07.01.2020 14:00;11276321
07.01.2020 15:00;11433751
07.01.2020 16:00;11558999
07.01.2020 17:00;11562341
07.01.2020 18:00;11444224
07.01.2020 19:00;11389396
07.01.2020 20:00;11164421
07.01.2020 21:00;10643864
07.01.2020 22:00;10580741
07.01.2020 23:00;10379361
08.01.2020 00:00;9868296
08.01.2020 01:00;9550458
08.01.2020 02:00;9372183
08.01.2020 03:00;9279630
08.01.2020 04:00;9370007
08.01.2020 05:00;9648383
08.01.2020 06:00;10473477
08.01.2020 07:00;11044631
08.01.2020 08:00;11363656
08.01.2020 09:00;11379422
08.01.2020 10:00;11250563
08.01.2020 11:00;11220114
08.01.2020 12:00;11193198
08.01.2020 13:00;11092308
08.01.2020 14:00;11101224
08.01.2020 15:00;11264007
08.01.2020 16:00;11314158
08.01.2020 17:00;11387967
08.01.2020 18:00;11432960
08.01.2020 19:00;11401775
08.01.2020 20:00;11119182
08.01.2020 21:00;10621078
08.01.2020 22:00;10622945
08.01.2020 23:00;10433080
09.01.2020 00:00;9961667
09.01.2020 01:00;9697534
09.01.2020 02:00;9556338
09.01.2020 03:00;9548728
09.01.2020 04:00;9632107
09.01.2020 05:00;9963046
09.01.2020 06:00;10907082
09.01.2020 07:00;11465795
09.01.2020 08:00;11803036
09.01.2020 09:00;11644545
09.01.2020 10:00;11486391
09.01.2020 11:00;11468861
09.01.2020 12:00;11410359
09.01.2020 13:00;11274123
09.01.2020 14:00;11329529
09.01.2020 15:00;11432822
09.01.2020 16:00;11761230
09.01.2020 17:00;11817497
09.01.2020 18:00;11770668
09.01.2020 19:00;11810912
09.01.2020 20:00;11660380
09.01.2020 21:00;11127210
09.01.2020 22:00;11229794
09.01.2020 23:00;10961171
10.01.2020 00:00;10507269
10.01.2020 01:00;10175025
10.01.2020 02:00;9955141
10.01.2020 03:00;9960159
10.01.2020 04:00;10092754
10.01.2020 05:00;10551589
10.01.2020 06:00;11383420
10.01.2020 07:00;11916364
10.01.2020 08:00;12208259
10.01.2020 09:00;12066538
10.01.2020 10:00;12038958
10.01.2020 11:00;12047364
10.01.2020 12:00;11914059
10.01.2020 13:00;11832022
10.01.2020 14:00;11808739
10.01.2020 15:00;11956402
10.01.2020 16:00;12223461
10.01.2020 17:00;12290975
10.01.2020 18:00;12229971
10.01.2020 19:00;12169913
10.01.2020 20:00;11995264
10.01.2020 21:00;11529669
10.01.2020 22:00;11602097
10.01.2020 23:00;11294685
11.01.2020 00:00;10813511
11.01.2020 01:00;10540975
11.01.2020 02:00;10361593
11.01.2020 03:00;10269507
11.01.2020 04:00;10285572
11.01.2020 05:00;10440486
11.01.2020 06:00;10709626
11.01.2020 07:00;10832854
11.01.2020 08:00;11238116
11.01.2020 09:00;11317782
11.01.2020 10:00;11349532
11.01.2020 11:00;11367161
11.01.2020 12:00;11313899
11.01.2020 13:00;11266315
11.01.2020 14:00;11230560
11.01.2020 15:00;11355226
11.01.2020 16:00;11682833
11.01.2020 17:00;11874371
11.01.2020 18:00;11930625
11.01.2020 19:00;11793290
11.01.2020 20:00;11451728
11.01.2020 21:00;10932606
11.01.2020 22:00;11077769
11.01.2020 23:00;10867513
12.01.2020 00:00;10407425
12.01.2020 01:00;9952305
12.01.2020 02:00;9684923
12.01.2020 03:00;9521155
12.01.2020 04:00;9468552
12.01.2020 05:00;9494299
12.01.2020 06:00;9678739
12.01.2020 07:00;9749855
12.01.2020 08:00;10007160
12.01.2020 09:00;10076425
12.01.2020 10:00;10177414
12.01.2020 11:00;10274435
12.01.2020 12:00;10309121
12.01.2020 13:00;10293465
12.01.2020 14:00;10301779
12.01.2020 15:00;10437910
12.01.2020 16:00;10784696
12.01.2020 17:00;10915628
12.01.2020 18:00;11010859
12.01.2020 19:00;11017208
12.01.2020 20:00;10757465
12.01.2020 21:00;10332046
12.01.2020 22:00;10566963
12.01.2020 23:00;10376366
13.01.2020 00:00;10056765
13.01.2020 01:00;9758656
13.01.2020 02:00;9617736
13.01.2020 03:00;9613958
13.01.2020 04:00;9786817
13.01.2020 05:00;10194635
13.01.2020 06:00;11205407
13.01.2020 07:00;11871951
13.01.2020 08:00;12176526
13.01.2020 09:00;12061217
13.01.2020 10:00;11988270
13.01.2020 11:00;11970964
13.01.2020 12:00;11951483
13.01.2020 13:00;11794630
13.01.2020 14:00;11706368
13.01.2020 15:00;11818622
13.01.2020 16:00;12015391
13.01.2020 17:00;11979812
13.01.2020 18:00;11818722
13.01.2020 19:00;11823033
13.01.2020 20:00;11611707
13.01.2020 21:00;11081763
13.01.2020 22:00;11123984
13.01.2020 23:00;10832307
14.01.2020 00:00;10373471
14.01.2020 01:00;10015241
14.01.2020 02:00;9828766
14.01.2020 03:00;9732958
14.01.2020 04:00;9774979
14.01.2020 05:00;10112271
14.01.2020 06:00;10988952
14.01.2020 07:00;11421705
14.01.2020 08:00;11660198
14.01.2020 09:00;11581158
14.01.2020 10:00;11449278
14.01.2020 11:00;11504472
14.01.2020 12:00;11472952
14.01.2020 13:00;11414450
14.01.2020 14:00;11412915
14.01.2020 15:00;11546537
14.01.2020 16:00;11720044
14.01.2020 17:00;11765182
14.01.2020 18:00;11735601
14.01.2020 19:00;11746884
14.01.2020 20:00;11472120
14.01.2020 21:00;10901494
14.01.2020 22:00;10926600
14.01.2020 23:00;10611703
15.01.2020 00:00;10111164
15.01.2020 01:00;9758561
15.01.2020 02:00;9581374
15.01.2020 03:00;9443231
15.01.2020 04:00;9509657
15.01.2020 05:00;9876012
15.01.2020 06:00;10684660
15.01.2020 07:00;11243247
15.01.2020 08:00;11501364
15.01.2020 09:00;11461251
15.01.2020 10:00;11319385
15.01.2020 11:00;11238277
15.01.2020 12:00;11229053
15.01.2020 13:00;11133295
15.01.2020 14:00;11079266
15.01.2020 15:00;11277885
15.01.2020 16:00;11424050
15.01.2020 17:00;11432989
15.01.2020 18:00;11428317
15.01.2020 19:00;11400422
15.01.2020 20:00;11250259
15.01.2020 21:00;10758450
15.01.2020 22:00;10770417
15.01.2020 23:00;10479539
16.01.2020 00:00;9974263
16.01.2020 01:00;9624963
16.01.2020 02:00;9423825
16.01.2020 03:00;9329602
16.01.2020 04:00;9430601
16.01.2020 05:00;9794616
16.01.2020 06:00;10691915
16.01.2020 07:00;11277272
16.01.2020 08:00;11511022
16.01.2020 09:00;11386283
16.01.2020 10:00;11358919
16.01.2020 11:00;11315207
16.01.2020 12:00;11319918
16.01.2020 13:00;11275682
16.01.2020 14:00;11300083
16.01.2020 15:00;11294098
16.01.2020 16:00;11519578
16.01.2020 17:00;11601849
16.01.2020 18:00;11539599
16.01.2020 19:00;11602422
16.01.2020 20:00;11411684
16.01.2020 21:00;10852119
16.01.2020 22:00;10886502
16.01.2020 23:00;10683742
17.01.2020 00:00;10223668
17.01.2020 01:00;9925371
17.01.2020 02:00;9738696
17.01.2020 03:00;9666696
17.01.2020 04:00;9738909
17.01.2020 05:00;10092775
17.01.2020 06:00;11009310
17.01.2020 07:00;11541940
17.01.2020 08:00;11749015
17.01.2020 09:00;11710561
17.01.2020 10:00;11573428
17.01.2020 11:00;11530884
17.01.2020 12:00;11572153
17.01.2020 13:00;11502419
17.01.2020 14:00;11477851
17.01.2020 15:00;11529577
17.01.2020 16:00;11738178
17.01.2020 17:00;11694081
17.01.2020 18:00;11640509
17.01.2020 19:00;11566035
17.01.2020 20:00;11370334
17.01.2020 21:00;10856084
17.01.2020 22:00;10880277
17.01.2020 23:00;10595756
18.01.2020 00:00;10103613
18.01.2020 01:00;9744741
18.01.2020 02:00;9584870
18.01.2020 03:00;9435105
18.01.2020 04:00;9469897
18.01.2020 05:00;9618776
18.01.2020 06:00;9896657
18.01.2020 07:00;10148593
18.01.2020 08:00;10455371
18.01.2020 09:00;10635376
18.01.2020 10:00;10778065
18.01.2020 11:00;10764928
18.01.2020 12:00;10827296
18.01.2020 13:00;10806483
18.01.2020 14:00;10820449
18.01.2020 15:00;11015591
18.01.2020 16:00;11329330
18.01.2020 17:00;11469259
18.01.2020 18:00;11506758
18.01.2020 19:00;11324084
18.01.2020 20:00;10976091
18.01.2020 21:00;10535027
18.01.2020 22:00;10648918
18.01.2020 23:00;10457123
19.01.2020 00:00;10044159
19.01.2020 01:00;9711708
19.01.2020 02:00;9472827
19.01.2020 03:00;9327416
19.01.2020 04:00;9346163
19.01.2020 05:00;9390193
19.01.2020 06:00;9590993
19.01.2020 07:00;9784816
19.01.2020 08:00;10056151
19.01.2020 09:00;10146479
19.01.2020 10:00;10327288
19.01.2020 11:00;10481400
19.01.2020 12:00;10561558
19.01.2020 13:00;10499380
19.01.2020 14:00;10491279
19.01.2020 15:00;10601548
19.01.2020 16:00;10954548
19.01.2020 17:00;11175818
19.01.2020 18:00;11235086
19.01.2020 19:00;11215360
19.01.2020 20:00;10953927
19.01.2020 21:00;10506806
19.01.2020 22:00;10766857
19.01.2020 23:00;10608036
20.01.2020 00:00;10181556
20.01.2020 01:00;9901159
20.01.2020 02:00;9759942
20.01.2020 03:00;9698636
20.01.2020 04:00;9820880
20.01.2020 05:00;10221817
20.01.2020 06:00;11081011
20.01.2020 07:00;11704604
20.01.2020 08:00;12048595
20.01.2020 09:00;11872834
20.01.2020 10:00;11819140
20.01.2020 11:00;11841526
20.01.2020 12:00;11785070
20.01.2020 13:00;11754883
20.01.2020 14:00;11658829
20.01.2020 15:00;11683415
20.01.2020 16:00;11866583
20.01.2020 17:00;11950528
20.01.2020 18:00;11861912
20.01.2020 19:00;11733880
20.01.2020 20:00;11463783
20.01.2020 21:00;10969828
20.01.2020 22:00;10978813
20.01.2020 23:00;10642436
21.01.2020 00:00;10054859
21.01.2020 01:00;9723945
21.01.2020 02:00;9484298
21.01.2020 03:00;9403952
21.01.2020 04:00;9467832
21.01.2020 05:00;9815036
21.01.2020 06:00;10651868
21.01.2020 07:00;11149554
21.01.2020 08:00;11380117
21.01.2020 09:00;11258651
21.01.2020 10:00;11198945
21.01.2020 11:00;11268186
21.01.2020 12:00;11261161
21.01.2020 13:00;11181842
21.01.2020 14:00;11109042
21.01.2020 15:00;11160101
21.01.2020 16:00;11551083
21.01.2020 17:00;11731620
21.01.2020 18:00;11822674
21.01.2020 19:00;11763799
21.01.2020 20:00;11528885
21.01.2020 21:00;10946551
21.01.2020 22:00;10989213
21.01.2020 23:00;10758513
22.01.2020 00:00;10328520
22.01.2020 01:00;10003996
22.01.2020 02:00;9755766
22.01.2020 03:00;9763686
22.01.2020 04:00;9879037
22.01.2020 05:00;10265629
22.01.2020 06:00;11169295
22.01.2020 07:00;11741323
22.01.2020 08:00;11976176
22.01.2020 09:00;11869636
22.01.2020 10:00;11802537
22.01.2020 11:00;11803841
22.01.2020 12:00;11756623
22.01.2020 13:00;11626447
22.01.2020 14:00;11580599
22.01.2020 15:00;11610708
22.01.2020 16:00;11903202
22.01.2020 17:00;12088813
22.01.2020 18:00;12169014
22.01.2020 19:00;12158665
22.01.2020 20:00;11907854
22.01.2020 21:00;11359627
22.01.2020 22:00;11450169
22.01.2020 23:00;11156933
23.01.2020 00:00;10650416
23.01.2020 01:00;10377907
23.01.2020 02:00;10266580
23.01.2020 03:00;10227769
23.01.2020 04:00;10338838
23.01.2020 05:00;10825198
23.01.2020 06:00;11588922
23.01.2020 07:00;12141042
23.01.2020 08:00;12296442
23.01.2020 09:00;12094596
23.01.2020 10:00;12148546
23.01.2020 11:00;12074872
23.01.2020 12:00;12037190
23.01.2020 13:00;11936858
23.01.2020 14:00;11937725
23.01.2020 15:00;11951856
23.01.2020 16:00;12153444
23.01.2020 17:00;12173751
23.01.2020 18:00;12069156
23.01.2020 19:00;12041507
23.01.2020 20:00;11779016
23.01.2020 21:00;11279202
23.01.2020 22:00;11339084
23.01.2020 23:00;10980942
24.01.2020 00:00;10490140
24.01.2020 01:00;10134897
24.01.2020 02:00;9938832
24.01.2020 03:00;9799091
24.01.2020 04:00;9926499
24.01.2020 05:00;10297572
24.01.2020 06:00;11168985
24.01.2020 07:00;11651717
24.01.2020 08:00;11930550
24.01.2020 09:00;11789340
24.01.2020 10:00;11732189
24.01.2020 11:00;11741158
24.01.2020 12:00;11585685
24.01.2020 13:00;11525356
24.01.2020 14:00;11437987
24.01.2020 15:00;11423414
24.01.2020 16:00;11585616
24.01.2020 17:00;11871389
24.01.2020 18:00;11847342
24.01.2020 19:00;11802512
24.01.2020 20:00;11562154
24.01.2020 21:00;11082068
24.01.2020 22:00;11140322
24.01.2020 23:00;10828989
25.01.2020 00:00;10398092
25.01.2020 01:00;10035862
25.01.2020 02:00;9821838
25.01.2020 03:00;9718772
25.01.2020 04:00;9776620
25.01.2020 05:00;9892329
25.01.2020 06:00;10183014
25.01.2020 07:00;10375589
25.01.2020 08:00;10678749
25.01.2020 09:00;10741452
25.01.2020 10:00;10884882
25.01.2020 11:00;10907407
25.01.2020 12:00;10846658
25.01.2020 13:00;10775339
25.01.2020 14:00;10756967
25.01.2020 15:00;10863300
25.01.2020 16:00;11332595
25.01.2020 17:00;11723719
25.01.2020 18:00;11851896
25.01.2020 19:00;11734333
25.01.2020 20:00;11337592
25.01.2020 21:00;10858801
25.01.2020 22:00;10954119
25.01.2020 23:00;10720418
26.01.2020 00:00;10263721
26.01.2020 01:00;9832727
26.01.2020 02:00;9617170
26.01.2020 03:00;9446102
26.01.2020 04:00;9345804
26.01.2020 05:00;9397399
26.01.2020 06:00;9462441
26.01.2020 07:00;9494349
26.01.2020 08:00;9750965
26.01.2020 09:00;9762416
26.01.2020 10:00;9889787
26.01.2020 11:00;9902700
26.01.2020 12:00;9888144
26.01.2020 13:00;9717175
26.01.2020 14:00;9594592
26.01.2020 15:00;9574607
26.01.2020 16:00;9942971
26.01.2020 17:00;10104922
26.01.2020 18:00;10177308
26.01.2020 19:00;10146998
26.01.2020 20:00;9888430
26.01.2020 21:00;9483755
26.01.2020 22:00;9704640
26.01.2020 23:00;9553720
27.01.2020 00:00;9166911
27.01.2020 01:00;8910882
27.01.2020 02:00;8750814
27.01.2020 03:00;8738309
27.01.2020 04:00;8834516
27.01.2020 05:00;9285340
27.01.2020 06:00;10189619
27.01.2020 07:00;10757645
27.01.2020 08:00;10955330
27.01.2020 09:00;10904563
27.01.2020 10:00;10904963
27.01.2020 11:00;10934047
27.01.2020 12:00;10819569
27.01.2020 13:00;10677204
27.01.2020 14:00;10657146
27.01.2020 15:00;10677187
27.01.2020 16:00;10765478
27.01.2020 17:00;10832541
27.01.2020 18:00;10786403
27.01.2020 19:00;10700213
27.01.2020 20:00;10432160
27.01.2020 21:00;9910797
27.01.2020 22:00;9920165
27.01.2020 23:00;9645874
28.01.2020 00:00;9163254
28.01.2020 01:00;8816083
28.01.2020 02:00;8609178
28.01.2020 03:00;8554393
28.01.2020 04:00;8582937
28.01.2020 05:00;8974377
28.01.2020 06:00;9789649
28.01.2020 07:00;10334421
28.01.2020 08:00;10573416
28.01.2020 09:00;10442305
28.01.2020 10:00;10396505
28.01.2020 11:00;10376133
28.01.2020 12:00;10300692
28.01.2020 13:00;10173768
28.01.2020 14:00;10134808
28.01.2020 15:00;10130682
28.01.2020 16:00;10245164
28.01.2020 17:00;10508437
28.01.2020 18:00;10400526
28.01.2020 19:00;10298525
28.01.2020 20:00;10094170
28.01.2020 21:00;9521451
28.01.2020 22:00;9590223
28.01.2020 23:00;9316101
29.01.2020 00:00;8810709
29.01.2020 01:00;8473778
29.01.2020 02:00;8269810
29.01.2020 03:00;8208537
29.01.2020 04:00;8346543
29.01.2020 05:00;8728392
29.01.2020 06:00;9590002
29.01.2020 07:00;10087087
29.01.2020 08:00;10358558
29.01.2020 09:00;10206633
29.01.2020 10:00;10250467
29.01.2020 11:00;10240340
29.01.2020 12:00;10253139
29.01.2020 13:00;10231161
29.01.2020 14:00;10104557
29.01.2020 15:00;10094701
29.01.2020 16:00;10242313
29.01.2020 17:00;10440712
29.01.2020 18:00;10416327
29.01.2020 19:00;10439679
29.01.2020 20:00;10186748
29.01.2020 21:00;9639001
29.01.2020 22:00;9626043
29.01.2020 23:00;9325879
30.01.2020 00:00;8891523
30.01.2020 01:00;8501860
30.01.2020 02:00;8321554
30.01.2020 03:00;8294816
30.01.2020 04:00;8423576
30.01.2020 05:00;8839610
30.01.2020 06:00;9711903
30.01.2020 07:00;10284054
30.01.2020 08:00;10495220
30.01.2020 09:00;10343241
30.01.2020 10:00;10338602
30.01.2020 11:00;10326117
30.01.2020 12:00;10310018
30.01.2020 13:00;10245047
30.01.2020 14:00;10226298
30.01.2020 15:00;10203555
30.01.2020 16:00;10305917
30.01.2020 17:00;10498028
30.01.2020 18:00;10431293
30.01.2020 19:00;10407290
30.01.2020 20:00;10185327
30.01.2020 21:00;9627691
30.01.2020 22:00;9640560
30.01.2020 23:00;9342527
31.01.2020 00:00;8853457
31.01.2020 01:00;8496060
31.01.2020 02:00;8357378
31.01.2020 03:00;8256549
31.01.2020 04:00;8403851
31.01.2020 05:00;8819159
31.01.2020 06:00;9737288
31.01.2020 07:00;10306136
31.01.2020 08:00;10521813
31.01.2020 09:00;10418826
31.01.2020 10:00;10386913
31.01.2020 11:00;10349016
31.01.2020 12:00;10308253
31.01.2020 13:00;10226144
31.01.2020 14:00;10127329
31.01.2020 15:00;10066359
31.01.2020 16:00;10231995
31.01.2020 17:00;10437127
31.01.2020 18:00;10404061
31.01.2020 19:00;10322823
31.01.2020 20:00;10015778
31.01.2020 21:00;9488744
31.01.2020 22:00;9581207
31.01.2020 23:00;9304084
01.02.2020 00:00;8847415
01.02.2020 01:00;8483743
01.02.2020 02:00;8260364
01.02.2020 03:00;8201721
01.02.2020 04:00;8213452
01.02.2020 05:00;8337201
01.02.2020 06:00;8584107
01.02.2020 07:00;8775541
01.02.2020 08:00;8991186
01.02.2020 09:00;9115134
01.02.2020 10:00;9305327
01.02.2020 11:00;9389615
01.02.2020 12:00;9400916
01.02.2020 13:00;9350675
01.02.2020 14:00;9345926
01.02.2020 15:00;9430274
01.02.2020 16:00;9730734
01.02.2020 17:00;10121830
01.02.2020 18:00;10233771
01.02.2020 19:00;10052595
01.02.2020 20:00;9622821
01.02.2020 21:00;9088567
01.02.2020 22:00;9245068
01.02.2020 23:00;9007594
02.02.2020 00:00;8510404
02.02.2020 01:00;8151027
02.02.2020 02:00;7907842
02.02.2020 03:00;7726289
02.02.2020 04:00;7711445
02.02.2020 05:00;7760648
02.02.2020 06:00;7958488
02.02.2020 07:00;8067306
02.02.2020 08:00;8220787
02.02.2020 09:00;8371554
02.02.2020 10:00;8628769
02.02.2020 11:00;8741849
02.02.2020 12:00;8709797
02.02.2020 13:00;8666248
02.02.2020 14:00;8625387
02.02.2020 15:00;8649798
02.02.2020 16:00;8849635
02.02.2020 17:00;9339501
02.02.2020 18:00;9425648
02.02.2020 19:00;9452475
02.02.2020 20:00;9180941
02.02.2020 21:00;8811497
02.02.2020 22:00;9027290
02.02.2020 23:00;8890790
03.02.2020 00:00;8557963
03.02.2020 01:00;8218805
03.02.2020 02:00;8125341
03.02.2020 03:00;8099491
03.02.2020 04:00;8254653
03.02.2020 05:00;8694688
03.02.2020 06:00;9594668
03.02.2020 07:00;10270758
03.02.2020 08:00;10389348
03.02.2020 09:00;10347203
03.02.2020 10:00;10303037
03.02.2020 11:00;10327055
03.02.2020 12:00;10260856
03.02.2020 13:00;10120350
03.02.2020 14:00;10067193
03.02.2020 15:00;10021321
03.02.2020 16:00;10084514
03.02.2020 17:00;10511293
03.02.2020 18:00;10549680
03.02.2020 19:00;10515670
03.02.2020 20:00;10317241
03.02.2020 21:00;9850253
03.02.2020 22:00;9953404
03.02.2020 23:00;9755919
04.02.2020 00:00;9340667
04.02.2020 01:00;9026726
04.02.2020 02:00;8842890
04.02.2020 03:00;8838511
04.02.2020 04:00;8970976
04.02.2020 05:00;9459711
04.02.2020 06:00;10385309
04.02.2020 07:00;10948936
04.02.2020 08:00;11100868
04.02.2020 09:00;11062901
04.02.2020 10:00;11010195
04.02.2020 11:00;10833501
04.02.2020 12:00;10756169
04.02.2020 13:00;10578164
04.02.2020 14:00;10453584
04.02.2020 15:00;10394307
04.02.2020 16:00;10518238
04.02.2020 17:00;11044626
04.02.2020 18:00;11091834
04.02.2020 19:00;11134853
04.02.2020 20:00;10909918
04.02.2020 21:00;10382844
04.02.2020 22:00;10417635
04.02.2020 23:00;10125209
05.02.2020 00:00;9683594
05.02.2020 01:00;9363930
05.02.2020 02:00;9188476
05.02.2020 03:00;9197479
05.02.2020 04:00;9320539
05.02.2020 05:00;9752530
05.02.2020 06:00;10531039
05.02.2020 07:00;10818807
05.02.2020 08:00;10939831
05.02.2020 09:00;10842053
05.02.2020 10:00;10747116
05.02.2020 11:00;10754191
05.02.2020 12:00;10653445
05.02.2020 13:00;10518640
05.02.2020 14:00;10421027
05.02.2020 15:00;10350991
05.02.2020 16:00;10422981
05.02.2020 17:00;10705412
05.02.2020 18:00;10666682
05.02.2020 19:00;10689756
05.02.2020 20:00;10367028
05.02.2020 21:00;9802290
05.02.2020 22:00;9858904
05.02.2020 23:00;9583630
06.02.2020 00:00;9159547
06.02.2020 01:00;8866222
06.02.2020 02:00;8730199
06.02.2020 03:00;8730123
06.02.2020 04:00;8935276
06.02.2020 05:00;9464800
06.02.2020 06:00;10481283
06.02.2020 07:00;11086817
06.02.2020 08:00;11138908
06.02.2020 09:00;11148129
06.02.2020 10:00;11075540
06.02.2020 11:00;10973407
06.02.2020 12:00;10832918
06.02.2020 13:00;10656105
06.02.2020 14:00;10519605
06.02.2020 15:00;10479659
06.02.2020 16:00;10491374
06.02.2020 17:00;10943810
06.02.2020 18:00;11011525
06.02.2020 19:00;11039227
06.02.2020 20:00;10787862
06.02.2020 21:00;10292383
06.02.2020 22:00;10360202
06.02.2020 23:00;10110264
07.02.2020 00:00;9692654
07.02.2020 01:00;9395248
07.02.2020 02:00;9227629
07.02.2020 03:00;9241057
07.02.2020 04:00;9430839
07.02.2020 05:00;9930202
07.02.2020 06:00;10779692
07.02.2020 07:00;11259028
07.02.2020 08:00;11323609
07.02.2020 09:00;11346991
07.02.2020 10:00;11283164
07.02.2020 11:00;11102115
07.02.2020 12:00;10999282
07.02.2020 13:00;10852926
07.02.2020 14:00;10716171
07.02.2020 15:00;10585732
07.02.2020 16:00;10573310
07.02.2020 17:00;10750309
07.02.2020 18:00;10781039
07.02.2020 19:00;10668514
07.02.2020 20:00;10347819
07.02.2020 21:00;9847648
07.02.2020 22:00;9913060
07.02.2020 23:00;9663415
08.02.2020 00:00;9131732
08.02.2020 01:00;8794121
08.02.2020 02:00;8548647
08.02.2020 03:00;8423982
08.02.2020 04:00;8471475
08.02.2020 05:00;8597607
08.02.2020 06:00;8867053
08.02.2020 07:00;9024111
08.02.2020 08:00;9101416
08.02.2020 09:00;9360498
08.02.2020 10:00;9509860
08.02.2020 11:00;9503668
08.02.2020 12:00;9424922
08.02.2020 13:00;9400155
08.02.2020 14:00;9364636
08.02.2020 15:00;9405342
08.02.2020 16:00;9558365
08.02.2020 17:00;10112219
08.02.2020 18:00;10259208
08.02.2020 19:00;10112731
08.02.2020 20:00;9655824
08.02.2020 21:00;9154460
08.02.2020 22:00;9225579
08.02.2020 23:00;9037388
09.02.2020 00:00;8588924
09.02.2020 01:00;8222771
09.02.2020 02:00;8069403
09.02.2020 03:00;7907515
09.02.2020 04:00;7884932
09.02.2020 05:00;7956390
09.02.2020 06:00;8108033
09.02.2020 07:00;8120669
09.02.2020 08:00;8286458
09.02.2020 09:00;8468374
09.02.2020 10:00;8702833
09.02.2020 11:00;8829787
09.02.2020 12:00;8894380
09.02.2020 13:00;8808986
09.02.2020 14:00;8799876
09.02.2020 15:00;8785437
09.02.2020 16:00;8896646
09.02.2020 17:00;9189147
09.02.2020 18:00;9287683
09.02.2020 19:00;9303110
09.02.2020 20:00;9129698
09.02.2020 21:00;8705395
09.02.2020 22:00;8893182
09.02.2020 23:00;8761547
10.02.2020 00:00;8400164
10.02.2020 01:00;8072489
10.02.2020 02:00;7799332
10.02.2020 03:00;7720510
10.02.2020 04:00;7843030
10.02.2020 05:00;8276328
10.02.2020 06:00;9099070
10.02.2020 07:00;9713801
10.02.2020 08:00;9928413
10.02.2020 09:00;9850666
10.02.2020 10:00;9844165
10.02.2020 11:00;9835121
10.02.2020 12:00;9723243
10.02.2020 13:00;9624555
10.02.2020 14:00;9576542
10.02.2020 15:00;9577731
10.02.2020 16:00;9526452
10.02.2020 17:00;9843873
10.02.2020 18:00;9762997
10.02.2020 19:00;9714785
10.02.2020 20:00;9520212
10.02.2020 21:00;9026408
10.02.2020 22:00;9095531
10.02.2020 23:00;8849317
11.02.2020 00:00;8423895
11.02.2020 01:00;8085031
11.02.2020 02:00;7949670
11.02.2020 03:00;7868784
11.02.2020 04:00;7945264
11.02.2020 05:00;8261521
11.02.2020 06:00;9150824
11.02.2020 07:00;9861186
11.02.2020 08:00;9934808
11.02.2020 09:00;9939307
11.02.2020 10:00;9929055
11.02.2020 11:00;9901851
11.02.2020 12:00;9830252
11.02.2020 13:00;9788361
11.02.2020 14:00;9793416
11.02.2020 15:00;9808906
11.02.2020 16:00;9846815
11.02.2020 17:00;10307002
11.02.2020 18:00;10424008
11.02.2020 19:00;10457350
11.02.2020 20:00;10240944
11.02.2020 21:00;9720260
11.02.2020 22:00;9811397
11.02.2020 23:00;9551405
12.02.2020 00:00;9165619
12.02.2020 01:00;8892784
12.02.2020 02:00;8753809
12.02.2020 03:00;8772562
12.02.2020 04:00;8907364
12.02.2020 05:00;9355420
12.02.2020 06:00;10274612
12.02.2020 07:00;10861866
12.02.2020 08:00;10931091
12.02.2020 09:00;10963550
12.02.2020 10:00;10938475
12.02.2020 11:00;10956422
12.02.2020 12:00;10964894
12.02.2020 13:00;10858437
12.02.2020 14:00;10762781
12.02.2020 15:00;10636546
12.02.2020 16:00;10707277
12.02.2020 17:00;11017170
12.02.2020 18:00;11161664
12.02.2020 19:00;11189682
12.02.2020 20:00;10971260
12.02.2020 21:00;10400666
12.02.2020 22:00;10400027
12.02.2020 23:00;10129086
13.02.2020 00:00;9689935
13.02.2020 01:00;9450387
13.02.2020 02:00;9273813
13.02.2020 03:00;9226319
13.02.2020 04:00;9380356
13.02.2020 05:00;9756980
13.02.2020 06:00;10657578
13.02.2020 07:00;11211774
13.02.2020 08:00;11339949
13.02.2020 09:00;11363481
13.02.2020 10:00;11361478
13.02.2020 11:00;11351765
13.02.2020 12:00;11282534
13.02.2020 13:00;11176832
13.02.2020 14:00;11025519
13.02.2020 15:00;10982579
13.02.2020 16:00;11007405
13.02.2020 17:00;11417299
13.02.2020 18:00;11576994
13.02.2020 19:00;11608158
13.02.2020 20:00;11492345
13.02.2020 21:00;11039007
13.02.2020 22:00;11087450
13.02.2020 23:00;10853048
14.02.2020 00:00;10370403
14.02.2020 01:00;10101760
14.02.2020 02:00;9925007
14.02.2020 03:00;9910102
14.02.2020 04:00;9974894
14.02.2020 05:00;10369651
14.02.2020 06:00;11210411
14.02.2020 07:00;11805206
14.02.2020 08:00;11801981
14.02.2020 09:00;11846472
14.02.2020 10:00;11781093
14.02.2020 11:00;11665376
14.02.2020 12:00;11603683
14.02.2020 13:00;11517003
14.02.2020 14:00;11467091
14.02.2020 15:00;11409032
14.02.2020 16:00;11389178
14.02.2020 17:00;11779235
14.02.2020 18:00;11984231
14.02.2020 19:00;11947745
14.02.2020 20:00;11739002
14.02.2020 21:00;11311559
14.02.2020 22:00;11419289
14.02.2020 23:00;11168974
15.02.2020 00:00;10702621
15.02.2020 01:00;10436826
15.02.2020 02:00;10229160
15.02.2020 03:00;10085281
15.02.2020 04:00;10035399
15.02.2020 05:00;10184170
15.02.2020 06:00;10445544
15.02.2020 07:00;10612683
15.02.2020 08:00;10701005
15.02.2020 09:00;10922527
15.02.2020 10:00;11091141
15.02.2020 11:00;11154717
15.02.2020 12:00;11117744
15.02.2020 13:00;11140790
15.02.2020 14:00;11067604
15.02.2020 15:00;11110258
15.02.2020 16:00;11207494
15.02.2020 17:00;11657436
15.02.2020 18:00;11817383
15.02.2020 19:00;11618693
15.02.2020 20:00;11164902
15.02.2020 21:00;10600597
15.02.2020 22:00;10725187
15.02.2020 23:00;10530056
16.02.2020 00:00;10052388
16.02.2020 01:00;9750893
16.02.2020 02:00;9560446
16.02.2020 03:00;9467362
16.02.2020 04:00;9438848
16.02.2020 05:00;9508628
16.02.2020 06:00;9686790
16.02.2020 07:00;9784766
16.02.2020 08:00;9896065
16.02.2020 09:00;10139900
16.02.2020 10:00;10414694
16.02.2020 11:00;10576625
16.02.2020 12:00;10630984
16.02.2020 13:00;10622376
16.02.2020 14:00;10546897
16.02.2020 15:00;10544213
16.02.2020 16:00;10662857
16.02.2020 17:00;11007818
16.02.2020 18:00;11178050
16.02.2020 19:00;11076440
16.02.2020 20:00;10790811
16.02.2020 21:00;10358032
16.02.2020 22:00;10475270
16.02.2020 23:00;10224330
17.02.2020 00:00;9835603
17.02.2020 01:00;9511048
17.02.2020 02:00;9312406
17.02.2020 03:00;9269820
17.02.2020 04:00;9373329
17.02.2020 05:00;9755720
17.02.2020 06:00;10618528
17.02.2020 07:00;11187534
17.02.2020 08:00;11260747
17.02.2020 09:00;11358475
17.02.2020 10:00;11313239
17.02.2020 11:00;11272338
17.02.2020 12:00;11206459
17.02.2020 13:00;11140578
17.02.2020 14:00;10998526
17.02.2020 15:00;10941534
17.02.2020 16:00;10965716
17.02.2020 17:00;11245519
17.02.2020 18:00;11453578
17.02.2020 19:00;11331506
17.02.2020 20:00;11148799
17.02.2020 21:00;10648580
17.02.2020 22:00;10713571
17.02.2020 23:00;10494217
18.02.2020 00:00;10021391
18.02.2020 01:00;9713653
18.02.2020 02:00;9515967
18.02.2020 03:00;9501519
18.02.2020 04:00;9559380
18.02.2020 05:00;9856386
18.02.2020 06:00;10569351
18.02.2020 07:00;11035779
18.02.2020 08:00;11042732
18.02.2020 09:00;11088151
18.02.2020 10:00;11025265
18.02.2020 11:00;10931797
18.02.2020 12:00;10877059
18.02.2020 13:00;10832776
18.02.2020 14:00;10811514
18.02.2020 15:00;10800446
18.02.2020 16:00;10888351
18.02.2020 17:00;11196169
18.02.2020 18:00;11448764
18.02.2020 19:00;11413140
18.02.2020 20:00;11191834
18.02.2020 21:00;10641655
18.02.2020 22:00;10666612
18.02.2020 23:00;10430104
19.02.2020 00:00;9996179
19.02.2020 01:00;9589454
19.02.2020 02:00;9446183
19.02.2020 03:00;9425550
19.02.2020 04:00;9506928
19.02.2020 05:00;9941734
19.02.2020 06:00;10724371
19.02.2020 07:00;11215609
19.02.2020 08:00;11272378
19.02.2020 09:00;11269404
19.02.2020 10:00;11237524
19.02.2020 11:00;11158720
19.02.2020 12:00;11053241
19.02.2020 13:00;11066986
19.02.2020 14:00;11002346
19.02.2020 15:00;10995229
19.02.2020 16:00;11011251
19.02.2020 17:00;11473253
19.02.2020 18:00;11676878
19.02.2020 19:00;11700661
19.02.2020 20:00;11501489
19.02.2020 21:00;10991108
19.02.2020 22:00;11096752
19.02.2020 23:00;10828158
20.02.2020 00:00;10416337
20.02.2020 01:00;10187597
20.02.2020 02:00;10095372
20.02.2020 03:00;10109928
20.02.2020 04:00;10310029
20.02.2020 05:00;10637322
20.02.2020 06:00;11316838
20.02.2020 07:00;11739743
20.02.2020 08:00;11793153
20.02.2020 09:00;11796516
20.02.2020 10:00;11780098
20.02.2020 11:00;11566216
20.02.2020 12:00;11390214
20.02.2020 13:00;11332906
20.02.2020 14:00;11423102
20.02.2020 15:00;11363082
20.02.2020 16:00;11415166
20.02.2020 17:00;11845204
20.02.2020 18:00;12143346
20.02.2020 19:00;12127824
20.02.2020 20:00;11905796
20.02.2020 21:00;11393983
20.02.2020 22:00;11376732
20.02.2020 23:00;11068571
21.02.2020 00:00;10604519
21.02.2020 01:00;10324517
21.02.2020 02:00;10107534
21.02.2020 03:00;10014385
21.02.2020 04:00;10154588
21.02.2020 05:00;10497700
21.02.2020 06:00;11304510
21.02.2020 07:00;11631868
21.02.2020 08:00;11639180
21.02.2020 09:00;11707127
21.02.2020 10:00;11805848
21.02.2020 11:00;11775135
21.02.2020 12:00;11685008
21.02.2020 13:00;11675922
21.02.2020 14:00;11631273
21.02.2020 15:00;11503722
21.02.2020 16:00;11505838
21.02.2020 17:00;11774158
21.02.2020 18:00;11878840
21.02.2020 19:00;11712803
21.02.2020 20:00;11415634
21.02.2020 21:00;10956597
21.02.2020 22:00;10953553
21.02.2020 23:00;10692574
22.02.2020 00:00;10219561
22.02.2020 01:00;9887929
22.02.2020 02:00;9683618
22.02.2020 03:00;9611352
22.02.2020 04:00;9556946
22.02.2020 05:00;9685916
22.02.2020 06:00;9934324
22.02.2020 07:00;10047120
22.02.2020 08:00;10210563
22.02.2020 09:00;10414935
22.02.2020 10:00;10619319
22.02.2020 11:00;10690931
22.02.2020 12:00;10743789
22.02.2020 13:00;10716164
22.02.2020 14:00;10745112
22.02.2020 15:00;10703060
22.02.2020 16:00;10860557
22.02.2020 17:00;11267188
22.02.2020 18:00;11582768
22.02.2020 19:00;11508829
22.02.2020 20:00;11094302
22.02.2020 21:00;10613038
22.02.2020 22:00;10715014
22.02.2020 23:00;10552764
23.02.2020 00:00;10096265
23.02.2020 01:00;9817157
23.02.2020 02:00;9604670
23.02.2020 03:00;9476215
23.02.2020 04:00;9435243
23.02.2020 05:00;9567182
23.02.2020 06:00;9749177
23.02.2020 07:00;9659563
23.02.2020 08:00;9850037
23.02.2020 09:00;10058937
23.02.2020 10:00;10198444
23.02.2020 11:00;10195612
23.02.2020 12:00;10113054
23.02.2020 13:00;9983082
23.02.2020 14:00;9893085
23.02.2020 15:00;9990300
23.02.2020 16:00;10158508
23.02.2020 17:00;10569700
23.02.2020 18:00;11046922
23.02.2020 19:00;11061842
23.02.2020 20:00;10784120
23.02.2020 21:00;10353591
23.02.2020 22:00;10525819
23.02.2020 23:00;10389671
24.02.2020 00:00;10014509
24.02.2020 01:00;9731480
24.02.2020 02:00;9617639
24.02.2020 03:00;9614417
24.02.2020 04:00;9710838
24.02.2020 05:00;10112502
24.02.2020 06:00;11006120
24.02.2020 07:00;11389510
24.02.2020 08:00;11518706
24.02.2020 09:00;11572895
24.02.2020 10:00;11507934
24.02.2020 11:00;11414308
24.02.2020 12:00;11385179
24.02.2020 13:00;11290815
24.02.2020 14:00;11230566
24.02.2020 15:00;11224882
24.02.2020 16:00;11206414
24.02.2020 17:00;11333729
24.02.2020 18:00;11758790
24.02.2020 19:00;11810530
24.02.2020 20:00;11619344
24.02.2020 21:00;11226535
24.02.2020 22:00;11267673
24.02.2020 23:00;11057276
25.02.2020 00:00;10705787
25.02.2020 01:00;10451710
25.02.2020 02:00;10332556
25.02.2020 03:00;10290137
25.02.2020 04:00;10403495
25.02.2020 05:00;10820616
25.02.2020 06:00;11608052
25.02.2020 07:00;11896537
25.02.2020 08:00;11995995
25.02.2020 09:00;12004670
25.02.2020 10:00;11819950
25.02.2020 11:00;11586866
25.02.2020 12:00;11421767
25.02.2020 13:00;11200717
25.02.2020 14:00;11134606
25.02.2020 15:00;11060628
25.02.2020 16:00;11103027
25.02.2020 17:00;11406356
25.02.2020 18:00;11877597
25.02.2020 19:00;11950892
25.02.2020 20:00;11820836
25.02.2020 21:00;11374849
25.02.2020 22:00;11491980
25.02.2020 23:00;11296739
26.02.2020 00:00;10875427
26.02.2020 01:00;10625781
26.02.2020 02:00;10454825
26.02.2020 03:00;10490364
26.02.2020 04:00;10618825
26.02.2020 05:00;11051939
26.02.2020 06:00;11855456
26.02.2020 07:00;12136652
26.02.2020 08:00;12215574
26.02.2020 09:00;12183528
26.02.2020 10:00;12141830
26.02.2020 11:00;11965092
26.02.2020 12:00;11790165
26.02.2020 13:00;11622169
26.02.2020 14:00;11539398
26.02.2020 15:00;11458024
26.02.2020 16:00;11453426
26.02.2020 17:00;11739659
26.02.2020 18:00;12286691
26.02.2020 19:00;12333413
26.02.2020 20:00;12130994
26.02.2020 21:00;11696892
26.02.2020 22:00;11803956
26.02.2020 23:00;11536679
27.02.2020 00:00;11169506
27.02.2020 01:00;10971303
27.02.2020 02:00;10797621
27.02.2020 03:00;10812561
27.02.2020 04:00;10962799
27.02.2020 05:00;11336290
27.02.2020 06:00;12118794
27.02.2020 07:00;12377699
27.02.2020 08:00;12491389
27.02.2020 09:00;12402282
27.02.2020 10:00;12152500
27.02.2020 11:00;11950784
27.02.2020 12:00;11780431
27.02.2020 13:00;11672230
27.02.2020 14:00;11558544
27.02.2020 15:00;11417458
27.02.2020 16:00;11444791
27.02.2020 17:00;11638959
27.02.2020 18:00;12078304
27.02.2020 19:00;12160198
27.02.2020 20:00;12110670
27.02.2020 21:00;11705312
27.02.2020 22:00;11791911
27.02.2020 23:00;11629493
28.02.2020 00:00;11210862
28.02.2020 01:00;10973392
28.02.2020 02:00;10899364
28.02.2020 03:00;10889111
28.02.2020 04:00;11127620
28.02.2020 05:00;11615043
28.02.2020 06:00;12381591
28.02.2020 07:00;12591045
28.02.2020 08:00;12718885
28.02.2020 09:00;12689227
28.02.2020 10:00;12485910
28.02.2020 11:00;12226582
28.02.2020 12:00;11998047
28.02.2020 13:00;11753839
28.02.2020 14:00;11639608
28.02.2020 15:00;11625206
28.02.2020 16:00;11703768
28.02.2020 17:00;11873831
28.02.2020 18:00;12453619
28.02.2020 19:00;12544643
28.02.2020 20:00;12315437
28.02.2020 21:00;11887796
28.02.2020 22:00;11962324
28.02.2020 23:00;11737861
29.02.2020 00:00;11403866
29.02.2020 01:00;11172212
29.02.2020 02:00;11040551
29.02.2020 03:00;10981591
29.02.2020 04:00;11041214
29.02.2020 05:00;11238292
29.02.2020 06:00;11547581
29.02.2020 07:00;11453353
29.02.2020 08:00;11674503
29.02.2020 09:00;11870088
29.02.2020 10:00;11814164
29.02.2020 11:00;11642499
29.02.2020 12:00;11407499
29.02.2020 13:00;11299600
29.02.2020 14:00;11204438
29.02.2020 15:00;11263674
29.02.2020 16:00;11396962
29.02.2020 17:00;11693333
29.02.2020 18:00;12235644
29.02.2020 19:00;12142747
29.02.2020 20:00;11712591
29.02.2020 21:00;11231876
29.02.2020 22:00;11391793
29.02.2020 23:00;11204096
01.03.2020 00:00;10844026
01.03.2020 01:00;10542453
01.03.2020 02:00;10312201
01.03.2020 03:00;10208425
01.03.2020 04:00;10197778
01.03.2020 05:00;10241976
01.03.2020 06:00;10413358
01.03.2020 07:00;10303866
01.03.2020 08:00;10531448
01.03.2020 09:00;10742953
01.03.2020 10:00;10915471
01.03.2020 11:00;11019019
01.03.2020 12:00;11022428
01.03.2020 13:00;10904656
01.03.2020 14:00;10834563
01.03.2020 15:00;10745575
01.03.2020 16:00;10838844
01.03.2020 17:00;10988013
01.03.2020 18:00;11411229
01.03.2020 19:00;11461756
01.03.2020 20:00;11192311
01.03.2020 21:00;10699977
01.03.2020 22:00;10878667
01.03.2020 23:00;10602813
02.03.2020 00:00;10315230
02.03.2020 01:00;9985324
02.03.2020 02:00;9826770
02.03.2020 03:00;9795717
02.03.2020 04:00;9892510
02.03.2020 05:00;10303075
02.03.2020 06:00;11127227
02.03.2020 07:00;11447798
02.03.2020 08:00;11596420
02.03.2020 09:00;11653241
02.03.2020 10:00;11632324
02.03.2020 11:00;11594325
02.03.2020 12:00;11472300
02.03.2020 13:00;11346471
02.03.2020 14:00;11257881
02.03.2020 15:00;11190046
02.03.2020 16:00;11191906
02.03.2020 17:00;11258705
02.03.2020 18:00;11604647
02.03.2020 19:00;11757119
02.03.2020 20:00;11627902
02.03.2020 21:00;11157356
02.03.2020 22:00;11251082
02.03.2020 23:00;11011500
03.03.2020 00:00;10538836
03.03.2020 01:00;10273563
03.03.2020 02:00;10103652
03.03.2020 03:00;9973514
03.03.2020 04:00;10152361
03.03.2020 05:00;10468450
03.03.2020 06:00;11303389
03.03.2020 07:00;11499666
03.03.2020 08:00;11671327
03.03.2020 09:00;11722693
03.03.2020 10:00;11689610
03.03.2020 11:00;11624308
03.03.2020 12:00;11437431
03.03.2020 13:00;11401092
03.03.2020 14:00;11269065
03.03.2020 15:00;11249361
03.03.2020 16:00;11344460
03.03.2020 17:00;11503128
03.03.2020 18:00;11849163
03.03.2020 19:00;11895705
03.03.2020 20:00;11766798
03.03.2020 21:00;11250253
03.03.2020 22:00;11242957
03.03.2020 23:00;10989778
04.03.2020 00:00;10497054
04.03.2020 01:00;10205066
04.03.2020 02:00;9999073
04.03.2020 03:00;9970725
04.03.2020 04:00;9995670
04.03.2020 05:00;10409552
04.03.2020 06:00;11293960
04.03.2020 07:00;11661556
04.03.2020 08:00;11811008
04.03.2020 09:00;11908282
04.03.2020 10:00;11929900
04.03.2020 11:00;11924966
04.03.2020 12:00;11910047
04.03.2020 13:00;11841944
04.03.2020 14:00;11773146
04.03.2020 15:00;11738604
04.03.2020 16:00;11689854
04.03.2020 17:00;11845969
04.03.2020 18:00;12193219
04.03.2020 19:00;12205291
04.03.2020 20:00;11841110
04.03.2020 21:00;11286638
04.03.2020 22:00;11266411
04.03.2020 23:00;10930157
05.03.2020 00:00;10465959
05.03.2020 01:00;10136059
05.03.2020 02:00;9961301
05.03.2020 03:00;9894110
05.03.2020 04:00;9953384
05.03.2020 05:00;10306571
05.03.2020 06:00;11118481
05.03.2020 07:00;11233891
05.03.2020 08:00;11379703
05.03.2020 09:00;11468703
05.03.2020 10:00;11466315
05.03.2020 11:00;11348592
05.03.2020 12:00;11335637
05.03.2020 13:00;11207181
05.03.2020 14:00;11204648
05.03.2020 15:00;11174422
05.03.2020 16:00;11123135
05.03.2020 17:00;11243034
05.03.2020 18:00;11570826
05.03.2020 19:00;11693120
05.03.2020 20:00;11567608
05.03.2020 21:00;11058253
05.03.2020 22:00;11031505
05.03.2020 23:00;10796709
06.03.2020 00:00;10376122
06.03.2020 01:00;10081643
06.03.2020 02:00;9894366
06.03.2020 03:00;9931409
06.03.2020 04:00;10056842
06.03.2020 05:00;10469053
06.03.2020 06:00;11285473
06.03.2020 07:00;11518102
06.03.2020 08:00;11686159
06.03.2020 09:00;11711829
06.03.2020 10:00;11655520
06.03.2020 11:00;11508643
06.03.2020 12:00;11334180
06.03.2020 13:00;11173021
06.03.2020 14:00;11072482
06.03.2020 15:00;11049769
06.03.2020 16:00;11111006
06.03.2020 17:00;11190690
06.03.2020 18:00;11643536
06.03.2020 19:00;11901778
06.03.2020 20:00;11673119
06.03.2020 21:00;11164452
06.03.2020 22:00;11190061
06.03.2020 23:00;11006474
07.03.2020 00:00;10568880
07.03.2020 01:00;10340940
07.03.2020 02:00;10166903
07.03.2020 03:00;10108154
07.03.2020 04:00;10158233
07.03.2020 05:00;10312046
07.03.2020 06:00;10602564
07.03.2020 07:00;10507880
07.03.2020 08:00;10790108
07.03.2020 09:00;10918443
07.03.2020 10:00;10936521
07.03.2020 11:00;10766092
07.03.2020 12:00;10587687
07.03.2020 13:00;10476083
07.03.2020 14:00;10396396
07.03.2020 15:00;10442070
07.03.2020 16:00;10636001
07.03.2020 17:00;10921310
07.03.2020 18:00;11533861
07.03.2020 19:00;11651847
07.03.2020 20:00;11291265
07.03.2020 21:00;10840800
07.03.2020 22:00;10982651
07.03.2020 23:00;10821806
08.03.2020 00:00;10469257
08.03.2020 01:00;10121195
08.03.2020 02:00;10003166
08.03.2020 03:00;9879188
08.03.2020 04:00;9957473
08.03.2020 05:00;10079825
08.03.2020 06:00;10206265
08.03.2020 07:00;10076596
08.03.2020 08:00;10374243
08.03.2020 09:00;10486218
08.03.2020 10:00;10472871
08.03.2020 11:00;10398355
08.03.2020 12:00;10318581
08.03.2020 13:00;10224871
08.03.2020 14:00;10170967
08.03.2020 15:00;10094161
08.03.2020 16:00;10179468
08.03.2020 17:00;10414449
08.03.2020 18:00;10926319
08.03.2020 19:00;11157972
08.03.2020 20:00;10942730
08.03.2020 21:00;10483435
08.03.2020 22:00;10648837
08.03.2020 23:00;10462554
09.03.2020 00:00;10076338
09.03.2020 01:00;9800478
09.03.2020 02:00;9616721
09.03.2020 03:00;9527020
09.03.2020 04:00;9677731
09.03.2020 05:00;10062503
09.03.2020 06:00;10866191
09.03.2020 07:00;11194564
09.03.2020 08:00;11443120
09.03.2020 09:00;11498100
09.03.2020 10:00;11503432
09.03.2020 11:00;11475774
09.03.2020 12:00;11378980
09.03.2020 13:00;11221928
09.03.2020 14:00;11111220
09.03.2020 15:00;11123947
09.03.2020 16:00;11054838
09.03.2020 17:00;11118155
09.03.2020 18:00;11336767
09.03.2020 19:00;11385199
09.03.2020 20:00;11215435
09.03.2020 21:00;10725711
09.03.2020 22:00;10726808
09.03.2020 23:00;10530864
10.03.2020 00:00;9971097
10.03.2020 01:00;9639843
10.03.2020 02:00;9451742
10.03.2020 03:00;9454288
10.03.2020 04:00;9568279
10.03.2020 05:00;9841948
10.03.2020 06:00;10658801
10.03.2020 07:00;11020062
10.03.2020 08:00;11200304
10.03.2020 09:00;11260225
10.03.2020 10:00;11222771
10.03.2020 11:00;11104322
10.03.2020 12:00;11027412
10.03.2020 13:00;11008103
10.03.2020 14:00;11004067
10.03.2020 15:00;10987451
10.03.2020 16:00;10954436
10.03.2020 17:00;11077604
10.03.2020 18:00;11254702
10.03.2020 19:00;11409953
10.03.2020 20:00;11137068
10.03.2020 21:00;10631652
10.03.2020 22:00;10635867
10.03.2020 23:00;10307325
11.03.2020 00:00;9874717
11.03.2020 01:00;9537469
11.03.2020 02:00;9346389
11.03.2020 03:00;9300034
11.03.2020 04:00;9364787
11.03.2020 05:00;9678059
11.03.2020 06:00;10431716
11.03.2020 07:00;10590796
11.03.2020 08:00;10828947
11.03.2020 09:00;10956323
11.03.2020 10:00;10961729
11.03.2020 11:00;10966412
11.03.2020 12:00;10992619
11.03.2020 13:00;10881263
11.03.2020 14:00;10883801
11.03.2020 15:00;10834371
11.03.2020 16:00;10869043
11.03.2020 17:00;10953408
11.03.2020 18:00;11258063
11.03.2020 19:00;11466699
11.03.2020 20:00;11371535
11.03.2020 21:00;10741085
11.03.2020 22:00;10765085
11.03.2020 23:00;10491876
12.03.2020 00:00;10002385
12.03.2020 01:00;9665836
12.03.2020 02:00;9451825
12.03.2020 03:00;9417293
12.03.2020 04:00;9532227
12.03.2020 05:00;9889819
12.03.2020 06:00;10612716
12.03.2020 07:00;10910757
12.03.2020 08:00;11069961
12.03.2020 09:00;11088386
12.03.2020 10:00;11056448
12.03.2020 11:00;11096759
12.03.2020 12:00;11009615
12.03.2020 13:00;10842141
12.03.2020 14:00;10750318
12.03.2020 15:00;10784332
12.03.2020 16:00;10726713
12.03.2020 17:00;10827436
12.03.2020 18:00;11162716
12.03.2020 19:00;11341330
12.03.2020 20:00;11247482
12.03.2020 21:00;10797986
12.03.2020 22:00;10791124
12.03.2020 23:00;10514806
13.03.2020 00:00;10090310
13.03.2020 01:00;9804815
13.03.2020 02:00;9695344
13.03.2020 03:00;9733861
13.03.2020 04:00;9867705
13.03.2020 05:00;10232752
13.03.2020 06:00;10959495
13.03.2020 07:00;11250159
13.03.2020 08:00;11523175
13.03.2020 09:00;11576094
13.03.2020 10:00;11475492
13.03.2020 11:00;11504797
13.03.2020 12:00;11454237
13.03.2020 13:00;11347490
13.03.2020 14:00;11296444
13.03.2020 15:00;11369080
13.03.2020 16:00;11376121
13.03.2020 17:00;11485799
13.03.2020 18:00;11785854
13.03.2020 19:00;12004306
13.03.2020 20:00;11816752
13.03.2020 21:00;11410372
13.03.2020 22:00;11501492
13.03.2020 23:00;11254872
14.03.2020 00:00;10901553
14.03.2020 01:00;10617041
14.03.2020 02:00;10464394
14.03.2020 03:00;10400804
14.03.2020 04:00;10426223
14.03.2020 05:00;10556916
14.03.2020 06:00;10633007
14.03.2020 07:00;10667535
14.03.2020 08:00;10887469
14.03.2020 09:00;11026883
14.03.2020 10:00;11040142
14.03.2020 11:00;10999290
14.03.2020 12:00;10914226
14.03.2020 13:00;10796518
14.03.2020 14:00;10766732
14.03.2020 15:00;10823427
14.03.2020 16:00;11002930
14.03.2020 17:00;11250981
14.03.2020 18:00;11775176
14.03.2020 19:00;12104488
14.03.2020 20:00;11762490
14.03.2020 21:00;11261140
14.03.2020 22:00;11344605
14.03.2020 23:00;11210285
15.03.2020 00:00;10873551
15.03.2020 01:00;10609083
15.03.2020 02:00;10426781
15.03.2020 03:00;10294759
15.03.2020 04:00;10300633
15.03.2020 05:00;10409906
15.03.2020 06:00;10321555
15.03.2020 07:00;10231413
15.03.2020 08:00;10352999
15.03.2020 09:00;10425578
15.03.2020 10:00;10456672
15.03.2020 11:00;10459662
15.03.2020 12:00;10357980
15.03.2020 13:00;10272253
15.03.2020 14:00;10227561
15.03.2020 15:00;10205264
15.03.2020 16:00;10317397
15.03.2020 17:00;10453411
15.03.2020 18:00;10803880
15.03.2020 19:00;11111307
15.03.2020 20:00;10847172
15.03.2020 21:00;10420611
15.03.2020 22:00;10603044
15.03.2020 23:00;10385036
16.03.2020 00:00;10044850
16.03.2020 01:00;9738866
16.03.2020 02:00;9470029
16.03.2020 03:00;9355145
16.03.2020 04:00;9487443
16.03.2020 05:00;9789759
16.03.2020 06:00;10474176
16.03.2020 07:00;10780386
16.03.2020 08:00;11063176
16.03.2020 09:00;11033132
16.03.2020 10:00;11033098
16.03.2020 11:00;10998368
16.03.2020 12:00;10896794
16.03.2020 13:00;10788485
16.03.2020 14:00;10633190
16.03.2020 15:00;10480750
16.03.2020 16:00;10513125
16.03.2020 17:00;10546514
16.03.2020 18:00;10855943
16.03.2020 19:00;11310578
16.03.2020 20:00;11201008
16.03.2020 21:00;10700192
16.03.2020 22:00;10773583
16.03.2020 23:00;10690940
17.03.2020 00:00;10293221
17.03.2020 01:00;10088117
17.03.2020 02:00;9917745
17.03.2020 03:00;9929947
17.03.2020 04:00;10020350
17.03.2020 05:00;10390002
17.03.2020 06:00;10919045
17.03.2020 07:00;11234120
17.03.2020 08:00;11431004
17.03.2020 09:00;11426605
17.03.2020 10:00;11345543
17.03.2020 11:00;11406966
17.03.2020 12:00;11403375
17.03.2020 13:00;11363101
17.03.2020 14:00;11321084
17.03.2020 15:00;11291181
17.03.2020 16:00;11187274
17.03.2020 17:00;11235182
17.03.2020 18:00;11371182
17.03.2020 19:00;11634299
17.03.2020 20:00;11320605
17.03.2020 21:00;10675998
17.03.2020 22:00;10744421
17.03.2020 23:00;10433239
18.03.2020 00:00;9905539
18.03.2020 01:00;9616612
18.03.2020 02:00;9435099
18.03.2020 03:00;9336871
18.03.2020 04:00;9395840
18.03.2020 05:00;9645118
18.03.2020 06:00;10129109
18.03.2020 07:00;10436270
18.03.2020 08:00;10665542
18.03.2020 09:00;10761445
18.03.2020 10:00;10732807
18.03.2020 11:00;10653770
18.03.2020 12:00;10649034
18.03.2020 13:00;10484562
18.03.2020 14:00;10412781
18.03.2020 15:00;10390119
18.03.2020 16:00;10407002
18.03.2020 17:00;10495973
18.03.2020 18:00;10745105
18.03.2020 19:00;11142891
18.03.2020 20:00;10899852
18.03.2020 21:00;10364657
18.03.2020 22:00;10377804
18.03.2020 23:00;10113149
19.03.2020 00:00;9694081
19.03.2020 01:00;9444483
19.03.2020 02:00;9334177
19.03.2020 03:00;9324683
19.03.2020 04:00;9389558
19.03.2020 05:00;9699273
19.03.2020 06:00;10160127
19.03.2020 07:00;10513816
19.03.2020 08:00;10749895
19.03.2020 09:00;10717833
19.03.2020 10:00;10613995
19.03.2020 11:00;10595118
19.03.2020 12:00;10443494
19.03.2020 13:00;10318736
19.03.2020 14:00;10200356
19.03.2020 15:00;10253152
19.03.2020 16:00;10316816
19.03.2020 17:00;10453624
19.03.2020 18:00;10622011
19.03.2020 19:00;11091671
19.03.2020 20:00;10927322
19.03.2020 21:00;10471796
19.03.2020 22:00;10536404
19.03.2020 23:00;10335962
20.03.2020 00:00;9992412
20.03.2020 01:00;9796167
20.03.2020 02:00;9729433
20.03.2020 03:00;9692447
20.03.2020 04:00;9822270
20.03.2020 05:00;10156874
20.03.2020 06:00;10616779
20.03.2020 07:00;11085915
20.03.2020 08:00;11338183
20.03.2020 09:00;11254051
20.03.2020 10:00;11140047
20.03.2020 11:00;11142050
20.03.2020 12:00;11025598
20.03.2020 13:00;10871962
20.03.2020 14:00;10741021
20.03.2020 15:00;10645042
20.03.2020 16:00;10712263
20.03.2020 17:00;10877215
20.03.2020 18:00;11151380
20.03.2020 19:00;11597333
20.03.2020 20:00;11457708
20.03.2020 21:00;11002533
20.03.2020 22:00;11101400
20.03.2020 23:00;10932589
21.03.2020 00:00;10534402
21.03.2020 01:00;10313135
21.03.2020 02:00;10131741
21.03.2020 03:00;10092708
21.03.2020 04:00;10127719
21.03.2020 05:00;10280009
21.03.2020 06:00;10232504
21.03.2020 07:00;10264752
21.03.2020 08:00;10431305
21.03.2020 09:00;10479968
21.03.2020 10:00;10486615
21.03.2020 11:00;10434429
21.03.2020 12:00;10375965
21.03.2020 13:00;10351762
21.03.2020 14:00;10254178
21.03.2020 15:00;10311104
21.03.2020 16:00;10477609
21.03.2020 17:00;10753723
21.03.2020 18:00;11116389
21.03.2020 19:00;11571741
21.03.2020 20:00;11329122
21.03.2020 21:00;10865199
21.03.2020 22:00;11065683
21.03.2020 23:00;10945592
22.03.2020 00:00;10572949
22.03.2020 01:00;10301235
22.03.2020 02:00;10148656
22.03.2020 03:00;10129028
22.03.2020 04:00;10184316
22.03.2020 05:00;10267118
22.03.2020 06:00;10246431
22.03.2020 07:00;10129693
22.03.2020 08:00;10142987
22.03.2020 09:00;10159960
22.03.2020 10:00;10138174
22.03.2020 11:00;10098333
22.03.2020 12:00;10027010
22.03.2020 13:00;9963377
22.03.2020 14:00;9941541
22.03.2020 15:00;9996041
22.03.2020 16:00;10169073
22.03.2020 17:00;10347027
22.03.2020 18:00;10699609
22.03.2020 19:00;11198470
22.03.2020 20:00;11024840
22.03.2020 21:00;10644886
22.03.2020 22:00;10950181
22.03.2020 23:00;10838523
23.03.2020 00:00;10489050
23.03.2020 01:00;10260199
23.03.2020 02:00;10056909
23.03.2020 03:00;10018581
23.03.2020 04:00;10103906
23.03.2020 05:00;10441167
23.03.2020 06:00;10843624
23.03.2020 07:00;11224509
23.03.2020 08:00;11447069
23.03.2020 09:00;11342432
23.03.2020 10:00;11260992
23.03.2020 11:00;11234480
23.03.2020 12:00;11169863
23.03.2020 13:00;11026946
23.03.2020 14:00;10935759
23.03.2020 15:00;10883007
23.03.2020 16:00;10868919
23.03.2020 17:00;10944260
23.03.2020 18:00;11092930
23.03.2020 19:00;11529429
23.03.2020 20:00;11389071
23.03.2020 21:00;10930697
23.03.2020 22:00;11061402
23.03.2020 23:00;10826336
24.03.2020 00:00;10342814
24.03.2020 01:00;9996980
24.03.2020 02:00;9876525
24.03.2020 03:00;9825747
24.03.2020 04:00;9859461
24.03.2020 05:00;10136389
24.03.2020 06:00;10581023
24.03.2020 07:00;10804791
24.03.2020 08:00;11023245
24.03.2020 09:00;11049157
24.03.2020 10:00;10911860
24.03.2020 11:00;10757981
24.03.2020 12:00;10626564
24.03.2020 13:00;10516705
24.03.2020 14:00;10361623
24.03.2020 15:00;10396266
24.03.2020 16:00;10477407
24.03.2020 17:00;10613726
24.03.2020 18:00;10740589
24.03.2020 19:00;11236943
24.03.2020 20:00;11106457
24.03.2020 21:00;10613267
24.03.2020 22:00;10682805
24.03.2020 23:00;10496924
25.03.2020 00:00;10004190
25.03.2020 01:00;9726797
25.03.2020 02:00;9508422
25.03.2020 03:00;9438825
25.03.2020 04:00;9545281
25.03.2020 05:00;9838342
25.03.2020 06:00;10177483
25.03.2020 07:00;10544080
25.03.2020 08:00;10791558
25.03.2020 09:00;10765845
25.03.2020 10:00;10660964
25.03.2020 11:00;10636120
25.03.2020 12:00;10603620
25.03.2020 13:00;10486557
25.03.2020 14:00;10380519
25.03.2020 15:00;10304984
25.03.2020 16:00;10333793
25.03.2020 17:00;10422060
25.03.2020 18:00;10558972
25.03.2020 19:00;11131476
25.03.2020 20:00;10995056
25.03.2020 21:00;10453336
25.03.2020 22:00;10465292
25.03.2020 23:00;10232630
26.03.2020 00:00;9770267
26.03.2020 01:00;9430383
26.03.2020 02:00;9218525
26.03.2020 03:00;9232774
26.03.2020 04:00;9359681
26.03.2020 05:00;9562712
26.03.2020 06:00;9979210
26.03.2020 07:00;10274229
26.03.2020 08:00;10495393
26.03.2020 09:00;10416733
26.03.2020 10:00;10441371
26.03.2020 11:00;10480653
26.03.2020 12:00;10488184
26.03.2020 13:00;10367634
26.03.2020 14:00;10241042
26.03.2020 15:00;10196391
26.03.2020 16:00;10239499
26.03.2020 17:00;10263108
26.03.2020 18:00;10292096
26.03.2020 19:00;10789479
26.03.2020 20:00;10728724
26.03.2020 21:00;10307401
26.03.2020 22:00;10394618
26.03.2020 23:00;10230108
27.03.2020 00:00;9912272
27.03.2020 01:00;9601554
27.03.2020 02:00;9461265
27.03.2020 03:00;9427728
27.03.2020 04:00;9537937
27.03.2020 05:00;9769432
27.03.2020 06:00;10253541
27.03.2020 07:00;10469713
27.03.2020 08:00;10700605
27.03.2020 09:00;10582542
27.03.2020 10:00;10409418
27.03.2020 11:00;10371045
27.03.2020 12:00;10269896
27.03.2020 13:00;10123726
27.03.2020 14:00;10008025
27.03.2020 15:00;10072767
27.03.2020 16:00;10069316
27.03.2020 17:00;10143025
27.03.2020 18:00;10256966
27.03.2020 19:00;10648618
27.03.2020 20:00;10594548
27.03.2020 21:00;10156514
27.03.2020 22:00;10282480
27.03.2020 23:00;10061193
28.03.2020 00:00;9541365
28.03.2020 01:00;9302574
28.03.2020 02:00;9127237
28.03.2020 03:00;9038654
28.03.2020 04:00;9079440
28.03.2020 05:00;9105905
28.03.2020 06:00;9082085
28.03.2020 07:00;9150004
28.03.2020 08:00;9404075
28.03.2020 09:00;9457111
28.03.2020 10:00;9556175
28.03.2020 11:00;9489869
28.03.2020 12:00;9403000
28.03.2020 13:00;9359867
28.03.2020 14:00;9341672
28.03.2020 15:00;9391447
28.03.2020 16:00;9603711
28.03.2020 17:00;9774637
28.03.2020 18:00;10144425
28.03.2020 19:00;10591212
28.03.2020 20:00;10403135
28.03.2020 21:00;9964450
28.03.2020 22:00;10169594
28.03.2020 23:00;10083060
29.03.2020 00:00;9840942
29.03.2020 01:00;9553841
29.03.2020 02:00;9403647
29.03.2020 03:00;9353909
29.03.2020 04:00;9436471
29.03.2020 05:00;9459745
29.03.2020 06:00;9357346
29.03.2020 07:00;9484513
29.03.2020 08:00;9633311
29.03.2020 09:00;9685835
29.03.2020 10:00;9700572
29.03.2020 11:00;9664046
29.03.2020 12:00;9594884
29.03.2020 13:00;9544949
29.03.2020 14:00;9530035
29.03.2020 15:00;9548509
29.03.2020 16:00;9715148
29.03.2020 17:00;9923837
29.03.2020 18:00;10145316
29.03.2020 19:00;10431604
29.03.2020 20:00;10319412
29.03.2020 21:00;10466021
29.03.2020 22:00;10431857
29.03.2020 23:00;10111967
30.03.2020 00:00;9824205
30.03.2020 01:00;9702113
30.03.2020 02:00;9624733
30.03.2020 03:00;9749385
30.03.2020 04:00;10103704
30.03.2020 05:00;10721136
30.03.2020 06:00;11035420
30.03.2020 07:00;11281257
30.03.2020 08:00;11263303
30.03.2020 09:00;11168106
30.03.2020 10:00;11072902
30.03.2020 11:00;10972907
30.03.2020 12:00;10841175
30.03.2020 13:00;10677321
30.03.2020 14:00;10550786
30.03.2020 15:00;10496074
30.03.2020 16:00;10448298
30.03.2020 17:00;10516734
30.03.2020 18:00;10676809
30.03.2020 19:00;10980823
30.03.2020 20:00;10861436
30.03.2020 21:00;10900304
30.03.2020 22:00;10763144
30.03.2020 23:00;10395615
31.03.2020 00:00;10154545
31.03.2020 01:00;10050469
31.03.2020 02:00;10060617
31.03.2020 03:00;10146307
31.03.2020 04:00;10491064
31.03.2020 05:00;11041815
31.03.2020 06:00;11261882
31.03.2020 07:00;11440505
31.03.2020 08:00;11400069
31.03.2020 09:00;11337848
31.03.2020 10:00;11350911
31.03.2020 11:00;11290556
31.03.2020 12:00;11220683
31.03.2020 13:00;11200924
31.03.2020 14:00;11179138
31.03.2020 15:00;11160880
31.03.2020 16:00;11131147
31.03.2020 17:00;11162307
31.03.2020 18:00;11227098
31.03.2020 19:00;11286816
31.03.2020 20:00;10906235
31.03.2020 21:00;10908486
31.03.2020 22:00;10735637
31.03.2020 23:00;10183927
01.04.2020 00:00;9826708
01.04.2020 01:00;9660493
01.04.2020 02:00;9618313
01.04.2020 03:00;9727913
01.04.2020 04:00;10035889
01.04.2020 05:00;10512501
01.04.2020 06:00;10733667
01.04.2020 07:00;10836845
01.04.2020 08:00;10820627
01.04.2020 09:00;10781567
01.04.2020 10:00;10763931
01.04.2020 11:00;10704782
01.04.2020 12:00;10544163
01.04.2020 13:00;10427282
01.04.2020 14:00;10317756
01.04.2020 15:00;10271975
01.04.2020 16:00;10345399
01.04.2020 17:00;10456362
01.04.2020 18:00;10582678
01.04.2020 19:00;10665459
01.04.2020 20:00;10558603
01.04.2020 21:00;10621917
01.04.2020 22:00;10424473
01.04.2020 23:00;10087992
02.04.2020 00:00;9785848
02.04.2020 01:00;9590209
02.04.2020 02:00;9534242
02.04.2020 03:00;9585832
02.04.2020 04:00;9871469
02.04.2020 05:00;10356557
02.04.2020 06:00;10606155
02.04.2020 07:00;10799308
02.04.2020 08:00;10821935
02.04.2020 09:00;10766689
02.04.2020 10:00;10816346
02.04.2020 11:00;10717796
02.04.2020 12:00;10541732
02.04.2020 13:00;10417721
02.04.2020 14:00;10275756
02.04.2020 15:00;10280028
02.04.2020 16:00;10347589
02.04.2020 17:00;10434890
02.04.2020 18:00;10578585
02.04.2020 19:00;10781821
02.04.2020 20:00;10424507
02.04.2020 21:00;10502824
02.04.2020 22:00;10344571
02.04.2020 23:00;9997161
03.04.2020 00:00;9724333
03.04.2020 01:00;9562009
03.04.2020 02:00;9529477
03.04.2020 03:00;9644519
03.04.2020 04:00;9945715
03.04.2020 05:00;10506876
03.04.2020 06:00;10698921
03.04.2020 07:00;10953430
03.04.2020 08:00;11014550
03.04.2020 09:00;10894509
03.04.2020 10:00;10852805
03.04.2020 11:00;10890718
03.04.2020 12:00;10809380
03.04.2020 13:00;10685046
03.04.2020 14:00;10609798
03.04.2020 15:00;10606775
03.04.2020 16:00;10674392
03.04.2020 17:00;10769262
03.04.2020 18:00;10799132
03.04.2020 19:00;10889277
03.04.2020 20:00;10659112
03.04.2020 21:00;10688350
03.04.2020 22:00;10559843
03.04.2020 23:00;10148295
04.04.2020 00:00;9797495
04.04.2020 01:00;9625887
04.04.2020 02:00;9556452
04.04.2020 03:00;9623170
04.04.2020 04:00;9732353
04.04.2020 05:00;9814669
04.04.2020 06:00;9790282
04.04.2020 07:00;9954896
04.04.2020 08:00;9982706
04.04.2020 09:00;9897085
04.04.2020 10:00;9810514
04.04.2020 11:00;9734055
04.04.2020 12:00;9649334
04.04.2020 13:00;9573533
04.04.2020 14:00;9540671
04.04.2020 15:00;9693177
04.04.2020 16:00;9959075
04.04.2020 17:00;10282370
04.04.2020 18:00;10422929
04.04.2020 19:00;10398655
04.04.2020 20:00;10285785
04.04.2020 21:00;10371742
04.04.2020 22:00;10272726
04.04.2020 23:00;9939864
05.04.2020 00:00;9690524
05.04.2020 01:00;9496444
05.04.2020 02:00;9404776
05.04.2020 03:00;9481037
05.04.2020 04:00;9572009
05.04.2020 05:00;9560852
05.04.2020 06:00;9556242
05.04.2020 07:00;9619864
05.04.2020 08:00;9689616
05.04.2020 09:00;9719969
05.04.2020 10:00;9716550
05.04.2020 11:00;9612846
05.04.2020 12:00;9481181
05.04.2020 13:00;9285775
05.04.2020 14:00;9251863
05.04.2020 15:00;9301440
05.04.2020 16:00;9423667
05.04.2020 17:00;9645002
05.04.2020 18:00;9822067
05.04.2020 19:00;9963561
05.04.2020 20:00;9978234
05.04.2020 21:00;10204530
05.04.2020 22:00;10193250
05.04.2020 23:00;9855222
06.04.2020 00:00;9511235
06.04.2020 01:00;9310537
06.04.2020 02:00;9229839
06.04.2020 03:00;9337775
06.04.2020 04:00;9610702
06.04.2020 05:00;10115287
06.04.2020 06:00;10481978
06.04.2020 07:00;10667681
06.04.2020 08:00;10693550
06.04.2020 09:00;10542129
06.04.2020 10:00;10407695
06.04.2020 11:00;10256963
06.04.2020 12:00;10108909
06.04.2020 13:00;9985916
06.04.2020 14:00;9834332
06.04.2020 15:00;9821897
06.04.2020 16:00;9833221
06.04.2020 17:00;9892246
06.04.2020 18:00;9940448
06.04.2020 19:00;10119275
06.04.2020 20:00;9990732
06.04.2020 21:00;10011963
06.04.2020 22:00;9883750
06.04.2020 23:00;9497010
07.04.2020 00:00;9173052
07.04.2020 01:00;9034474
07.04.2020 02:00;8979944
07.04.2020 03:00;9080219
07.04.2020 04:00;9335306
07.04.2020 05:00;9770875
07.04.2020 06:00;10119744
07.04.2020 07:00;10214354
07.04.2020 08:00;10100533
07.04.2020 09:00;9988381
07.04.2020 10:00;9876034
07.04.2020 11:00;9799896
07.04.2020 12:00;9671588
07.04.2020 13:00;9649072
07.04.2020 14:00;9644009
07.04.2020 15:00;9667141
07.04.2020 16:00;9764205
07.04.2020 17:00;9838263
07.04.2020 18:00;9952188
07.04.2020 19:00;9976866
07.04.2020 20:00;9799672
07.04.2020 21:00;9859935
07.04.2020 22:00;9629750
07.04.2020 23:00;9235293
08.04.2020 00:00;8938344
08.04.2020 01:00;8787096
08.04.2020 02:00;8748929
08.04.2020 03:00;8905793
08.04.2020 04:00;9269070
08.04.2020 05:00;9689380
08.04.2020 06:00;10115058
08.04.2020 07:00;10320451
08.04.2020 08:00;10167847
08.04.2020 09:00;10047176
08.04.2020 10:00;9908952
08.04.2020 11:00;9885446
08.04.2020 12:00;9707341
08.04.2020 13:00;9597749
08.04.2020 14:00;9543088
08.04.2020 15:00;9578126
08.04.2020 16:00;9734578
08.04.2020 17:00;9829749
08.04.2020 18:00;10022549
08.04.2020 19:00;10166388
08.04.2020 20:00;10051599
08.04.2020 21:00;10025537
08.04.2020 22:00;9707852
08.04.2020 23:00;9270264
09.04.2020 00:00;8935873
09.04.2020 01:00;8726960
09.04.2020 02:00;8633153
09.04.2020 03:00;8731186
09.04.2020 04:00;9016092
09.04.2020 05:00;9433724
09.04.2020 06:00;9810182
09.04.2020 07:00;10057892
09.04.2020 08:00;10007038
09.04.2020 09:00;9996311
09.04.2020 10:00;9998676
09.04.2020 11:00;9943274
09.04.2020 12:00;9785039
09.04.2020 13:00;9651666
09.04.2020 14:00;9561824
09.04.2020 15:00;9542958
09.04.2020 16:00;9525931
09.04.2020 17:00;9656253
09.04.2020 18:00;9791752
09.04.2020 19:00;9862724
09.04.2020 20:00;9862883
09.04.2020 21:00;9871366
09.04.2020 22:00;9718210
09.04.2020 23:00;9342184
10.04.2020 00:00;9012481
10.04.2020 01:00;8850362
10.04.2020 02:00;8853271
10.04.2020 03:00;8949863
10.04.2020 04:00;9052241
10.04.2020 05:00;9023257
10.04.2020 06:00;9143282
10.04.2020 07:00;9231062
10.04.2020 08:00;9320305
10.04.2020 09:00;9354359
10.04.2020 10:00;9317721
10.04.2020 11:00;9259607
10.04.2020 12:00;9175124
10.04.2020 13:00;9217156
10.04.2020 14:00;9179558
10.04.2020 15:00;9331476
10.04.2020 16:00;9437164
10.04.2020 17:00;9526374
10.04.2020 18:00;9676324
10.04.2020 19:00;9729170
10.04.2020 20:00;9744420
10.04.2020 21:00;9853127
10.04.2020 22:00;9795141
10.04.2020 23:00;9502271
11.04.2020 00:00;9198636
11.04.2020 01:00;9016996
11.04.2020 02:00;8944332
11.04.2020 03:00;9021924
11.04.2020 04:00;9096541
11.04.2020 05:00;9045267
11.04.2020 06:00;9116735
11.04.2020 07:00;9189750
11.04.2020 08:00;9193992
11.04.2020 09:00;9138532
11.04.2020 10:00;9063122
11.04.2020 11:00;9089514
11.04.2020 12:00;9081139
11.04.2020 13:00;9064276
11.04.2020 14:00;9045006
11.04.2020 15:00;9125891
11.04.2020 16:00;9265349
11.04.2020 17:00;9447715
11.04.2020 18:00;9598554
11.04.2020 19:00;9592803
11.04.2020 20:00;9637967
11.04.2020 21:00;9850505
11.04.2020 22:00;9773978
11.04.2020 23:00;9416038
12.04.2020 00:00;9071726
12.04.2020 01:00;8821962
12.04.2020 02:00;8732231
12.04.2020 03:00;8754718
12.04.2020 04:00;8756949
12.04.2020 05:00;8712265
12.04.2020 06:00;8701680
12.04.2020 07:00;8924026
12.04.2020 08:00;9172248
12.04.2020 09:00;9344351
12.04.2020 10:00;9542487
12.04.2020 11:00;9654525
12.04.2020 12:00;9692387
12.04.2020 13:00;9599163
12.04.2020 14:00;9631125
12.04.2020 15:00;9624706
12.04.2020 16:00;9621896
12.04.2020 17:00;9641715
12.04.2020 18:00;9593287
12.04.2020 19:00;9492032
12.04.2020 20:00;9350111
12.04.2020 21:00;9448986
12.04.2020 22:00;9344189
12.04.2020 23:00;8948023
13.04.2020 00:00;8559694
13.04.2020 01:00;8373790
13.04.2020 02:00;8284760
13.04.2020 03:00;8338012
13.04.2020 04:00;8498230
13.04.2020 05:00;8471765
13.04.2020 06:00;8601956
13.04.2020 07:00;8827485
13.04.2020 08:00;9000065
13.04.2020 09:00;9152778
13.04.2020 10:00;9247585
13.04.2020 11:00;9236932
13.04.2020 12:00;9222330
13.04.2020 13:00;9239141
13.04.2020 14:00;9275583
13.04.2020 15:00;9309403
13.04.2020 16:00;9459496
13.04.2020 17:00;9560587
13.04.2020 18:00;9667720
13.04.2020 19:00;9687730
13.04.2020 20:00;9679783
13.04.2020 21:00;9892705
13.04.2020 22:00;9837993
13.04.2020 23:00;9497755
14.04.2020 00:00;9177204
14.04.2020 01:00;8993947
14.04.2020 02:00;8880396
14.04.2020 03:00;9061656
14.04.2020 04:00;9307037
14.04.2020 05:00;9767598
14.04.2020 06:00;10167110
14.04.2020 07:00;10361671
14.04.2020 08:00;10514710
14.04.2020 09:00;10439770
14.04.2020 10:00;10469597
14.04.2020 11:00;10266025
14.04.2020 12:00;10211352
14.04.2020 13:00;10089175
14.04.2020 14:00;10006681
14.04.2020 15:00;9911447
14.04.2020 16:00;9936281
14.04.2020 17:00;9870373
14.04.2020 18:00;9977971
14.04.2020 19:00;9973937
14.04.2020 20:00;10019417
14.04.2020 21:00;10053583
14.04.2020 22:00;9828299
14.04.2020 23:00;9510882
15.04.2020 00:00;9082851
15.04.2020 01:00;8913724
15.04.2020 02:00;8882991
15.04.2020 03:00;8994250
15.04.2020 04:00;9214747
15.04.2020 05:00;9694576
15.04.2020 06:00;10069422
15.04.2020 07:00;10308133
15.04.2020 08:00;10340576
15.04.2020 09:00;10280282
15.04.2020 10:00;10204555
15.04.2020 11:00;10100210
15.04.2020 12:00;9968588
15.04.2020 13:00;9776388
15.04.2020 14:00;9660299
15.04.2020 15:00;9608153
15.04.2020 16:00;9665906
15.04.2020 17:00;9727317
15.04.2020 18:00;9827126
15.04.2020 19:00;9826407
15.04.2020 20:00;9831719
15.04.2020 21:00;9925106
15.04.2020 22:00;9733389
15.04.2020 23:00;9305526
16.04.2020 00:00;9033566
16.04.2020 01:00;8836351
16.04.2020 02:00;8885645
16.04.2020 03:00;9003832
16.04.2020 04:00;9203371
16.04.2020 05:00;9649717
16.04.2020 06:00;10035982
16.04.2020 07:00;10336040
16.04.2020 08:00;10395962
16.04.2020 09:00;10276911
16.04.2020 10:00;10289439
16.04.2020 11:00;10208547
16.04.2020 12:00;10002966
16.04.2020 13:00;9687783
16.04.2020 14:00;9586200
16.04.2020 15:00;9627077
16.04.2020 16:00;9679747
16.04.2020 17:00;9682477
16.04.2020 18:00;9895596
16.04.2020 19:00;9905782
16.04.2020 20:00;9902535
16.04.2020 21:00;10014486
16.04.2020 22:00;9928655
16.04.2020 23:00;9497702
17.04.2020 00:00;9165005
17.04.2020 01:00;9017384
17.04.2020 02:00;8989995
17.04.2020 03:00;9105003
17.04.2020 04:00;9291566
17.04.2020 05:00;9779598
17.04.2020 06:00;10175617
17.04.2020 07:00;10431579
17.04.2020 08:00;10374426
17.04.2020 09:00;10398522
17.04.2020 10:00;10442233
17.04.2020 11:00;10429367
17.04.2020 12:00;10291416
17.04.2020 13:00;10144808
17.04.2020 14:00;10020164
17.04.2020 15:00;10093069
17.04.2020 16:00;10133555
17.04.2020 17:00;10206510
17.04.2020 18:00;10254782
17.04.2020 19:00;10200318
17.04.2020 20:00;10078396
17.04.2020 21:00;10129044
17.04.2020 22:00;9943132
17.04.2020 23:00;9522769
18.04.2020 00:00;9204863
18.04.2020 01:00;8980416
18.04.2020 02:00;8920924
18.04.2020 03:00;8945247
18.04.2020 04:00;8925774
18.04.2020 05:00;9014755
18.04.2020 06:00;9118223
18.04.2020 07:00;9296860
18.04.2020 08:00;9346831
18.04.2020 09:00;9410381
18.04.2020 10:00;9473863
18.04.2020 11:00;9450095
18.04.2020 12:00;9342304
18.04.2020 13:00;9284927
18.04.2020 14:00;9292013
18.04.2020 15:00;9425316
18.04.2020 16:00;9635988
18.04.2020 17:00;9785938
18.04.2020 18:00;9978776
18.04.2020 19:00;9834189
18.04.2020 20:00;9709442
18.04.2020 21:00;9864928
18.04.2020 22:00;9696221
18.04.2020 23:00;9362260
19.04.2020 00:00;8978822
19.04.2020 01:00;8717776
19.04.2020 02:00;8663783
19.04.2020 03:00;8744213
19.04.2020 04:00;8681401
19.04.2020 05:00;8752537
19.04.2020 06:00;8713463
19.04.2020 07:00;8836552
19.04.2020 08:00;8871957
19.04.2020 09:00;8943607
19.04.2020 10:00;8958550
19.04.2020 11:00;8920919
19.04.2020 12:00;8810350
19.04.2020 13:00;8827938
19.04.2020 14:00;8799305
19.04.2020 15:00;8848309
19.04.2020 16:00;8953658
19.04.2020 17:00;9154839
19.04.2020 18:00;9251069
19.04.2020 19:00;9238136
19.04.2020 20:00;9185812
19.04.2020 21:00;9423817
19.04.2020 22:00;9338941
19.04.2020 23:00;8880793
20.04.2020 00:00;8590091
20.04.2020 01:00;8432424
20.04.2020 02:00;8359237
20.04.2020 03:00;8379410
20.04.2020 04:00;8554566
20.04.2020 05:00;9101902
20.04.2020 06:00;9506274
20.04.2020 07:00;9685155
20.04.2020 08:00;9743247
20.04.2020 09:00;9688158
20.04.2020 10:00;9685284
20.04.2020 11:00;9687064
20.04.2020 12:00;9498932
20.04.2020 13:00;9466287
20.04.2020 14:00;9380279
20.04.2020 15:00;9271340
20.04.2020 16:00;9274721
20.04.2020 17:00;9281969
20.04.2020 18:00;9385366
20.04.2020 19:00;9364778
20.04.2020 20:00;9313520
20.04.2020 21:00;9526948
20.04.2020 22:00;9332349
20.04.2020 23:00;8919871
21.04.2020 00:00;8587319
21.04.2020 01:00;8420681
21.04.2020 02:00;8427638
21.04.2020 03:00;8503740
21.04.2020 04:00;8627529
21.04.2020 05:00;9154608
21.04.2020 06:00;9534358
21.04.2020 07:00;9644249
21.04.2020 08:00;9570484
21.04.2020 09:00;9498209
21.04.2020 10:00;9548156
21.04.2020 11:00;9442885
21.04.2020 12:00;9285100
21.04.2020 13:00;9202594
21.04.2020 14:00;9106724
21.04.2020 15:00;8998349
21.04.2020 16:00;8953458
21.04.2020 17:00;8937926
21.04.2020 18:00;9129123
21.04.2020 19:00;9142147
21.04.2020 20:00;9105805
21.04.2020 21:00;9339572
21.04.2020 22:00;9130997
21.04.2020 23:00;8782297
22.04.2020 00:00;8460132
22.04.2020 01:00;8364172
22.04.2020 02:00;8308276
22.04.2020 03:00;8366818
22.04.2020 04:00;8520926
22.04.2020 05:00;9048754
22.04.2020 06:00;9378719
22.04.2020 07:00;9380248
22.04.2020 08:00;9363750
22.04.2020 09:00;9304381
22.04.2020 10:00;9261128
22.04.2020 11:00;9284964
22.04.2020 12:00;9128207
22.04.2020 13:00;8995111
22.04.2020 14:00;8982582
22.04.2020 15:00;9006389
22.04.2020 16:00;8994183
22.04.2020 17:00;9028268
22.04.2020 18:00;9156042
22.04.2020 19:00;9201493
22.04.2020 20:00;9125098
22.04.2020 21:00;9342904
22.04.2020 22:00;9147836
22.04.2020 23:00;8774117
23.04.2020 00:00;8456413
23.04.2020 01:00;8340134
23.04.2020 02:00;8284341
23.04.2020 03:00;8362408
23.04.2020 04:00;8436698
23.04.2020 05:00;9022486
23.04.2020 06:00;9308800
23.04.2020 07:00;9438118
23.04.2020 08:00;9413078
23.04.2020 09:00;9329832
23.04.2020 10:00;9304247
23.04.2020 11:00;9211343
23.04.2020 12:00;9115236
23.04.2020 13:00;9009078
23.04.2020 14:00;8975498
23.04.2020 15:00;8865370
23.04.2020 16:00;8827206
23.04.2020 17:00;8925426
23.04.2020 18:00;9108043
23.04.2020 19:00;9090585
23.04.2020 20:00;9076039
23.04.2020 21:00;9180997
23.04.2020 22:00;8980119
23.04.2020 23:00;8560213
24.04.2020 00:00;8244805
24.04.2020 01:00;8100471
24.04.2020 02:00;8033967
24.04.2020 03:00;8174607
24.04.2020 04:00;8297138
24.04.2020 05:00;8762610
24.04.2020 06:00;9260847
24.04.2020 07:00;9505451
24.04.2020 08:00;9497309
24.04.2020 09:00;9485622
24.04.2020 10:00;9458974
24.04.2020 11:00;9412372
24.04.2020 12:00;9327372
24.04.2020 13:00;9143714
24.04.2020 14:00;9106874
24.04.2020 15:00;9140862
24.04.2020 16:00;9139543
24.04.2020 17:00;9185095
24.04.2020 18:00;9335755
24.04.2020 19:00;9305956
24.04.2020 20:00;9204188
24.04.2020 21:00;9468957
24.04.2020 22:00;9297983
24.04.2020 23:00;8897884
25.04.2020 00:00;8621148
25.04.2020 01:00;8498184
25.04.2020 02:00;8399145
25.04.2020 03:00;8442821
25.04.2020 04:00;8336807
25.04.2020 05:00;8496581
25.04.2020 06:00;8547951
25.04.2020 07:00;8597243
25.04.2020 08:00;8724485
25.04.2020 09:00;8804630
25.04.2020 10:00;8785572
25.04.2020 11:00;8734346
25.04.2020 12:00;8686955
25.04.2020 13:00;8616662
25.04.2020 14:00;8661808
25.04.2020 15:00;8706383
25.04.2020 16:00;8996808
25.04.2020 17:00;9284875
25.04.2020 18:00;9361814
25.04.2020 19:00;9179098
25.04.2020 20:00;8967671
25.04.2020 21:00;9252211
25.04.2020 22:00;9160145
25.04.2020 23:00;8784091
26.04.2020 00:00;8490598
26.04.2020 01:00;8389344
26.04.2020 02:00;8260411
26.04.2020 03:00;8269581
26.04.2020 04:00;8127596
26.04.2020 05:00;8180284
26.04.2020 06:00;8216936
26.04.2020 07:00;8322772
26.04.2020 08:00;8406152
26.04.2020 09:00;8443165
26.04.2020 10:00;8501663
26.04.2020 11:00;8521616
26.04.2020 12:00;8485233
26.04.2020 13:00;8431944
26.04.2020 14:00;8458893
26.04.2020 15:00;8479292
26.04.2020 16:00;8605866
26.04.2020 17:00;8786657
26.04.2020 18:00;8883029
26.04.2020 19:00;8873664
26.04.2020 20:00;8770596
26.04.2020 21:00;9165412
26.04.2020 22:00;9138207
26.04.2020 23:00;8824944
27.04.2020 00:00;8530210
27.04.2020 01:00;8379293
27.04.2020 02:00;8303249
27.04.2020 03:00;8413151
27.04.2020 04:00;8529482
27.04.2020 05:00;9092966
27.04.2020 06:00;9442417
27.04.2020 07:00;9616688
27.04.2020 08:00;9629786
27.04.2020 09:00;9515461
27.04.2020 10:00;9602832
27.04.2020 11:00;9540222
27.04.2020 12:00;9397949
27.04.2020 13:00;9313842
27.04.2020 14:00;9264759
27.04.2020 15:00;9117748
27.04.2020 16:00;9130361
27.04.2020 17:00;9091289
27.04.2020 18:00;9240509
27.04.2020 19:00;9251826
27.04.2020 20:00;9170242
27.04.2020 21:00;9467522
27.04.2020 22:00;9316702
27.04.2020 23:00;8909386
28.04.2020 00:00;8594341
28.04.2020 01:00;8447212
28.04.2020 02:00;8376646
28.04.2020 03:00;8450761
28.04.2020 04:00;8570787
28.04.2020 05:00;9116285
28.04.2020 06:00;9491609
28.04.2020 07:00;9676875
28.04.2020 08:00;9648603
28.04.2020 09:00;9635917
28.04.2020 10:00;9672196
28.04.2020 11:00;9712477
28.04.2020 12:00;9506781
28.04.2020 13:00;9395600
28.04.2020 14:00;9334557
28.04.2020 15:00;9268494
28.04.2020 16:00;9233677
28.04.2020 17:00;9243228
28.04.2020 18:00;9409530
28.04.2020 19:00;9450694
28.04.2020 20:00;9246746
28.04.2020 21:00;9528622
28.04.2020 22:00;9409917
28.04.2020 23:00;9020517
29.04.2020 00:00;8660441
29.04.2020 01:00;8526093
29.04.2020 02:00;8467004
29.04.2020 03:00;8533276
29.04.2020 04:00;8665068
29.04.2020 05:00;9204992
29.04.2020 06:00;9577817
29.04.2020 07:00;9837292
29.04.2020 08:00;9842128
29.04.2020 09:00;9792103
29.04.2020 10:00;9858305
29.04.2020 11:00;9812749
29.04.2020 12:00;9701459
29.04.2020 13:00;9599072
29.04.2020 14:00;9531073
29.04.2020 15:00;9479730
29.04.2020 16:00;9493856
29.04.2020 17:00;9621749
29.04.2020 18:00;9755840
29.04.2020 19:00;9711905
29.04.2020 20:00;9520316
29.04.2020 21:00;9836182
29.04.2020 22:00;9691390
29.04.2020 23:00;9334371
30.04.2020 00:00;9013636
30.04.2020 01:00;8859549
30.04.2020 02:00;8858087
30.04.2020 03:00;8947150
30.04.2020 04:00;9054877
30.04.2020 05:00;9583626
30.04.2020 06:00;9872681
30.04.2020 07:00;9953903
30.04.2020 08:00;9894621
30.04.2020 09:00;9825668
30.04.2020 10:00;9855057
30.04.2020 11:00;9679423
30.04.2020 12:00;9566939
30.04.2020 13:00;9434861
30.04.2020 14:00;9304714
30.04.2020 15:00;9239216
30.04.2020 16:00;9272778
30.04.2020 17:00;9241898
30.04.2020 18:00;9285480
30.04.2020 19:00;9187285
30.04.2020 20:00;9106999
30.04.2020 21:00;9536169
30.04.2020 22:00;9570029
30.04.2020 23:00;9163966
01.05.2020 00:00;8869453
01.05.2020 01:00;8731712
01.05.2020 02:00;8642589
01.05.2020 03:00;8611474
01.05.2020 04:00;8479800
01.05.2020 05:00;8632933
01.05.2020 06:00;8607708
01.05.2020 07:00;8644144
01.05.2020 08:00;8616061
01.05.2020 09:00;8649333
01.05.2020 10:00;8683442
01.05.2020 11:00;8663364
01.05.2020 12:00;8603065
01.05.2020 13:00;8572478
01.05.2020 14:00;8600821
01.05.2020 15:00;8674027
01.05.2020 16:00;8744261
01.05.2020 17:00;8892077
01.05.2020 18:00;9009431
01.05.2020 19:00;9005075
01.05.2020 20:00;8829935
01.05.2020 21:00;9185151
01.05.2020 22:00;9076613
01.05.2020 23:00;8598121
02.05.2020 00:00;8312085
02.05.2020 01:00;8049476
02.05.2020 02:00;8002337
02.05.2020 03:00;7987711
02.05.2020 04:00;7875329
02.05.2020 05:00;7959553
02.05.2020 06:00;8079767
02.05.2020 07:00;8303602
02.05.2020 08:00;8430709
02.05.2020 09:00;8509963
02.05.2020 10:00;8529979
02.05.2020 11:00;8511195
02.05.2020 12:00;8443681
02.05.2020 13:00;8461771
02.05.2020 14:00;8469151
02.05.2020 15:00;8598693
02.05.2020 16:00;8746795
02.05.2020 17:00;8989304
02.05.2020 18:00;9037420
02.05.2020 19:00;8836521
02.05.2020 20:00;8560502
02.05.2020 21:00;8823334
02.05.2020 22:00;8770513
02.05.2020 23:00;8369636
03.05.2020 00:00;7979983
03.05.2020 01:00;7801432
03.05.2020 02:00;7661614
03.05.2020 03:00;7666305
03.05.2020 04:00;7552615
03.05.2020 05:00;7639575
03.05.2020 06:00;7727675
03.05.2020 07:00;7966991
03.05.2020 08:00;8181141
03.05.2020 09:00;8302203
03.05.2020 10:00;8356672
03.05.2020 11:00;8339428
03.05.2020 12:00;8295931
03.05.2020 13:00;8235227
03.05.2020 14:00;8188114
03.05.2020 15:00;8278941
03.05.2020 16:00;8283866
03.05.2020 17:00;8380522
03.05.2020 18:00;8496973
03.05.2020 19:00;8459996
03.05.2020 20:00;8313073
03.05.2020 21:00;8744596
03.05.2020 22:00;8730529
03.05.2020 23:00;8371861
04.05.2020 00:00;8086589
04.05.2020 01:00;7975026
04.05.2020 02:00;7873863
04.05.2020 03:00;7908361
04.05.2020 04:00;8023272
04.05.2020 05:00;8571529
04.05.2020 06:00;9011119
04.05.2020 07:00;9274857
04.05.2020 08:00;9404764
04.05.2020 09:00;9418793
04.05.2020 10:00;9356980
04.05.2020 11:00;9360457
04.05.2020 12:00;9274312
04.05.2020 13:00;9149583
04.05.2020 14:00;9067343
04.05.2020 15:00;8992640
04.05.2020 16:00;8884958
04.05.2020 17:00;8848881
04.05.2020 18:00;8970183
04.05.2020 19:00;9004844
04.05.2020 20:00;8832937
04.05.2020 21:00;9158193
04.05.2020 22:00;9073701
04.05.2020 23:00;8649696
05.05.2020 00:00;8373620
05.05.2020 01:00;8292019
05.05.2020 02:00;8270639
05.05.2020 03:00;8306233
05.05.2020 04:00;8437657
05.05.2020 05:00;8983707
05.05.2020 06:00;9282046
05.05.2020 07:00;9387703
05.05.2020 08:00;9365964
05.05.2020 09:00;9310148
05.05.2020 10:00;9308878
05.05.2020 11:00;9211045
05.05.2020 12:00;9067172
05.05.2020 13:00;8956349
05.05.2020 14:00;8853254
05.05.2020 15:00;8717039
05.05.2020 16:00;8692650
05.05.2020 17:00;8672516
05.05.2020 18:00;8797295
05.05.2020 19:00;8781579
05.05.2020 20:00;8529953
05.05.2020 21:00;8828292
05.05.2020 22:00;8701667
05.05.2020 23:00;8334610
06.05.2020 00:00;8035718
06.05.2020 01:00;7945658
06.05.2020 02:00;7942656
06.05.2020 03:00;7976457
06.05.2020 04:00;8122937
06.05.2020 05:00;8719303
06.05.2020 06:00;9052345
06.05.2020 07:00;9204412
06.05.2020 08:00;9226480
06.05.2020 09:00;9203837
06.05.2020 10:00;9201289
06.05.2020 11:00;9136413
06.05.2020 12:00;9006026
06.05.2020 13:00;8847158
06.05.2020 14:00;8837950
06.05.2020 15:00;8783394
06.05.2020 16:00;8851279
06.05.2020 17:00;8892557
06.05.2020 18:00;9039923
06.05.2020 19:00;8989813
06.05.2020 20:00;8696060
06.05.2020 21:00;8982892
06.05.2020 22:00;8876275
06.05.2020 23:00;8441410
07.05.2020 00:00;8128365
07.05.2020 01:00;7929376
07.05.2020 02:00;7873608
07.05.2020 03:00;7916027
07.05.2020 04:00;8080701
07.05.2020 05:00;8629513
07.05.2020 06:00;9027611
07.05.2020 07:00;9046125
07.05.2020 08:00;8977118
07.05.2020 09:00;8961930
07.05.2020 10:00;9025271
07.05.2020 11:00;9060466
07.05.2020 12:00;8969916
07.05.2020 13:00;8840172
07.05.2020 14:00;8776522
07.05.2020 15:00;8719245
07.05.2020 16:00;8740027
07.05.2020 17:00;8704783
07.05.2020 18:00;8842502
07.05.2020 19:00;8847431
07.05.2020 20:00;8673101
07.05.2020 21:00;9046213
07.05.2020 22:00;9025576
07.05.2020 23:00;8622735
08.05.2020 00:00;8320377
08.05.2020 01:00;8172359
08.05.2020 02:00;8159690
08.05.2020 03:00;8152856
08.05.2020 04:00;8313659
08.05.2020 05:00;8889737
08.05.2020 06:00;9127367
08.05.2020 07:00;9214296
08.05.2020 08:00;9201674
08.05.2020 09:00;9174360
08.05.2020 10:00;9248515
08.05.2020 11:00;9205348
08.05.2020 12:00;9058838
08.05.2020 13:00;8993190
08.05.2020 14:00;8939951
08.05.2020 15:00;8843124
08.05.2020 16:00;8912439
08.05.2020 17:00;8927337
08.05.2020 18:00;9071173
08.05.2020 19:00;8989465
08.05.2020 20:00;8776996
08.05.2020 21:00;9022203
08.05.2020 22:00;8845362
08.05.2020 23:00;8397615
09.05.2020 00:00;8073111
09.05.2020 01:00;7919371
09.05.2020 02:00;7832135
09.05.2020 03:00;7754463
09.05.2020 04:00;7690744
09.05.2020 05:00;7854291
09.05.2020 06:00;8009384
09.05.2020 07:00;8109269
09.05.2020 08:00;8332366
09.05.2020 09:00;8434686
09.05.2020 10:00;8442386
09.05.2020 11:00;8438748
09.05.2020 12:00;8346297
09.05.2020 13:00;8264706
09.05.2020 14:00;8228016
09.05.2020 15:00;8300754
09.05.2020 16:00;8506711
09.05.2020 17:00;8698969
09.05.2020 18:00;8821875
09.05.2020 19:00;8740411
09.05.2020 20:00;8528881
09.05.2020 21:00;8865195
09.05.2020 22:00;8840187
09.05.2020 23:00;8549448
10.05.2020 00:00;8236069
10.05.2020 01:00;8052751
10.05.2020 02:00;7936739
10.05.2020 03:00;7822198
10.05.2020 04:00;7776696
10.05.2020 05:00;7822146
10.05.2020 06:00;7857607
10.05.2020 07:00;8033207
10.05.2020 08:00;8184741
10.05.2020 09:00;8229859
10.05.2020 10:00;8308424
10.05.2020 11:00;8272883
10.05.2020 12:00;8237034
10.05.2020 13:00;8085018
10.05.2020 14:00;7999231
10.05.2020 15:00;8106345
10.05.2020 16:00;8208330
10.05.2020 17:00;8356613
10.05.2020 18:00;8552435
10.05.2020 19:00;8483825
10.05.2020 20:00;8282543
10.05.2020 21:00;8642633
10.05.2020 22:00;8629916
10.05.2020 23:00;8251450
11.05.2020 00:00;7960439
11.05.2020 01:00;7781154
11.05.2020 02:00;7727774
11.05.2020 03:00;7769022
11.05.2020 04:00;7834598
11.05.2020 05:00;8545557
11.05.2020 06:00;9090657
11.05.2020 07:00;9364512
11.05.2020 08:00;9521285
11.05.2020 09:00;9601134
11.05.2020 10:00;9732042
11.05.2020 11:00;9732431
11.05.2020 12:00;9356543
11.05.2020 13:00;9327432
11.05.2020 14:00;9389788
11.05.2020 15:00;9300200
11.05.2020 16:00;9310023
11.05.2020 17:00;9361557
11.05.2020 18:00;9418898
11.05.2020 19:00;9316158
11.05.2020 20:00;9040202
11.05.2020 21:00;9320455
11.05.2020 22:00;9338672
11.05.2020 23:00;8987158
12.05.2020 00:00;8670150
12.05.2020 01:00;8519622
12.05.2020 02:00;8483179
12.05.2020 03:00;8399321
12.05.2020 04:00;8573523
12.05.2020 05:00;9153832
12.05.2020 06:00;9410180
12.05.2020 07:00;9547548
12.05.2020 08:00;9496744
12.05.2020 09:00;9474766
12.05.2020 10:00;9452720
12.05.2020 11:00;9449987
12.05.2020 12:00;9268863
12.05.2020 13:00;9209551
12.05.2020 14:00;9097712
12.05.2020 15:00;8992878
12.05.2020 16:00;8999095
12.05.2020 17:00;9008735
12.05.2020 18:00;9116669
12.05.2020 19:00;9116436
12.05.2020 20:00;8814090
12.05.2020 21:00;9063987
12.05.2020 22:00;9092530
12.05.2020 23:00;8802801
13.05.2020 00:00;8554441
13.05.2020 01:00;8366881
13.05.2020 02:00;8333446
13.05.2020 03:00;8271834
13.05.2020 04:00;8389494
13.05.2020 05:00;8906327
13.05.2020 06:00;9113081
13.05.2020 07:00;9188233
13.05.2020 08:00;9253808
13.05.2020 09:00;9268380
13.05.2020 10:00;9351831
13.05.2020 11:00;9336464
13.05.2020 12:00;9162602
13.05.2020 13:00;9025882
13.05.2020 14:00;9047021
13.05.2020 15:00;8968651
13.05.2020 16:00;9054016
13.05.2020 17:00;9126340
13.05.2020 18:00;9239848
13.05.2020 19:00;9174396
13.05.2020 20:00;8843015
13.05.2020 21:00;9079692
13.05.2020 22:00;9093948
13.05.2020 23:00;8758882
14.05.2020 00:00;8415974
14.05.2020 01:00;8284950
14.05.2020 02:00;8239988
14.05.2020 03:00;8152842
14.05.2020 04:00;8316009
14.05.2020 05:00;8896913
14.05.2020 06:00;9128325
14.05.2020 07:00;9208019
14.05.2020 08:00;9221040
14.05.2020 09:00;9161630
14.05.2020 10:00;9222853
14.05.2020 11:00;9236031
14.05.2020 12:00;9113213
14.05.2020 13:00;9082725
14.05.2020 14:00;9070710
14.05.2020 15:00;9044301
14.05.2020 16:00;9039865
14.05.2020 17:00;8929291
14.05.2020 18:00;9087487
14.05.2020 19:00;9032894
14.05.2020 20:00;8835943
14.05.2020 21:00;9120721
14.05.2020 22:00;9128845
14.05.2020 23:00;8700435
15.05.2020 00:00;8365678
15.05.2020 01:00;8243303
15.05.2020 02:00;8158541
15.05.2020 03:00;8124586
15.05.2020 04:00;8345080
15.05.2020 05:00;8866351
15.05.2020 06:00;9123302
15.05.2020 07:00;9427969
15.05.2020 08:00;9474631
15.05.2020 09:00;9546578
15.05.2020 10:00;9571765
15.05.2020 11:00;9528473
15.05.2020 12:00;9374766
15.05.2020 13:00;9158796
15.05.2020 14:00;9096200
15.05.2020 15:00;9012148
15.05.2020 16:00;9057140
15.05.2020 17:00;9044977
15.05.2020 18:00;9079995
15.05.2020 19:00;9079232
15.05.2020 20:00;8829514
15.05.2020 21:00;9068702
15.05.2020 22:00;9121608
15.05.2020 23:00;8682298
16.05.2020 00:00;8320322
16.05.2020 01:00;8148261
16.05.2020 02:00;8064091
16.05.2020 03:00;7947050
16.05.2020 04:00;7923701
16.05.2020 05:00;8072015
16.05.2020 06:00;8195401
16.05.2020 07:00;8403464
16.05.2020 08:00;8583278
16.05.2020 09:00;8651117
16.05.2020 10:00;8797813
16.05.2020 11:00;8857025
16.05.2020 12:00;8821537
16.05.2020 13:00;8724000
16.05.2020 14:00;8708067
16.05.2020 15:00;8868436
16.05.2020 16:00;9016669
16.05.2020 17:00;9211130
16.05.2020 18:00;9253812
16.05.2020 19:00;8979537
16.05.2020 20:00;8668481
16.05.2020 21:00;9011857
16.05.2020 22:00;9103172
16.05.2020 23:00;8713500
17.05.2020 00:00;8360058
17.05.2020 01:00;8149683
17.05.2020 02:00;8026487
17.05.2020 03:00;7907978
17.05.2020 04:00;7902858
17.05.2020 05:00;7979640
17.05.2020 06:00;7935275
17.05.2020 07:00;8062539
17.05.2020 08:00;8213202
17.05.2020 09:00;8300085
17.05.2020 10:00;8354850
17.05.2020 11:00;8405429
17.05.2020 12:00;8427129
17.05.2020 13:00;8382353
17.05.2020 14:00;8387127
17.05.2020 15:00;8388707
17.05.2020 16:00;8426182
17.05.2020 17:00;8502213
17.05.2020 18:00;8679160
17.05.2020 19:00;8653353
17.05.2020 20:00;8415719
17.05.2020 21:00;8744707
17.05.2020 22:00;8809742
17.05.2020 23:00;8486631
18.05.2020 00:00;8260841
18.05.2020 01:00;8145778
18.05.2020 02:00;8071972
18.05.2020 03:00;7989960
18.05.2020 04:00;8253837
18.05.2020 05:00;8900610
18.05.2020 06:00;9318678
18.05.2020 07:00;9397408
18.05.2020 08:00;9377659
18.05.2020 09:00;9356856
18.05.2020 10:00;9414814
18.05.2020 11:00;9392471
18.05.2020 12:00;9331523
18.05.2020 13:00;9183461
18.05.2020 14:00;9085207
18.05.2020 15:00;9008768
18.05.2020 16:00;9003189
18.05.2020 17:00;8946630
18.05.2020 18:00;8984291
18.05.2020 19:00;8963019
18.05.2020 20:00;8688729
18.05.2020 21:00;8904467
18.05.2020 22:00;8961057
18.05.2020 23:00;8678464
19.05.2020 00:00;8432770
19.05.2020 01:00;8310433
19.05.2020 02:00;8295744
19.05.2020 03:00;8234529
19.05.2020 04:00;8413411
19.05.2020 05:00;8959661
19.05.2020 06:00;9268838
19.05.2020 07:00;9336209
19.05.2020 08:00;9293221
19.05.2020 09:00;9304366
19.05.2020 10:00;9381403
19.05.2020 11:00;9389034
19.05.2020 12:00;9303964
19.05.2020 13:00;9280476
19.05.2020 14:00;9238294
19.05.2020 15:00;9085626
19.05.2020 16:00;9080793
19.05.2020 17:00;9122815
19.05.2020 18:00;9174072
19.05.2020 19:00;9122796
19.05.2020 20:00;8804558
19.05.2020 21:00;8933456
19.05.2020 22:00;8996549
19.05.2020 23:00;8604685
20.05.2020 00:00;8258530
20.05.2020 01:00;8125377
20.05.2020 02:00;8035019
20.05.2020 03:00;7945218
20.05.2020 04:00;8126789
20.05.2020 05:00;8725897
20.05.2020 06:00;8975545
20.05.2020 07:00;9038981
20.05.2020 08:00;9024956
20.05.2020 09:00;9072431
20.05.2020 10:00;9061985
20.05.2020 11:00;9224954
20.05.2020 12:00;9144965
20.05.2020 13:00;9071456
20.05.2020 14:00;8964933
20.05.2020 15:00;8898824
20.05.2020 16:00;8952473
20.05.2020 17:00;9012836
20.05.2020 18:00;9123660
20.05.2020 19:00;9067755
20.05.2020 20:00;8791962
20.05.2020 21:00;8967045
20.05.2020 22:00;8975229
20.05.2020 23:00;8558646
21.05.2020 00:00;8191280
21.05.2020 01:00;8021179
21.05.2020 02:00;7942001
21.05.2020 03:00;7843982
21.05.2020 04:00;7802216
21.05.2020 05:00;8126740
21.05.2020 06:00;8256007
21.05.2020 07:00;8416253
21.05.2020 08:00;8540450
21.05.2020 09:00;8602281
21.05.2020 10:00;8566271
21.05.2020 11:00;8532913
21.05.2020 12:00;8411310
21.05.2020 13:00;8393402
21.05.2020 14:00;8347870
21.05.2020 15:00;8359206
21.05.2020 16:00;8405131
21.05.2020 17:00;8510654
21.05.2020 18:00;8624031
21.05.2020 19:00;8579772
21.05.2020 20:00;8371923
21.05.2020 21:00;8569413
21.05.2020 22:00;8582714
21.05.2020 23:00;8242741
22.05.2020 00:00;7930630
22.05.2020 01:00;7757754
22.05.2020 02:00;7710769
22.05.2020 03:00;7679549
22.05.2020 04:00;7796008
22.05.2020 05:00;8177205
22.05.2020 06:00;8406064
22.05.2020 07:00;8626171
22.05.2020 08:00;8652570
22.05.2020 09:00;8610751
22.05.2020 10:00;8589326
22.05.2020 11:00;8542309
22.05.2020 12:00;8468491
22.05.2020 13:00;8417321
22.05.2020 14:00;8405930
22.05.2020 15:00;8391745
22.05.2020 16:00;8351463
22.05.2020 17:00;8328216
22.05.2020 18:00;8308852
22.05.2020 19:00;8293165
22.05.2020 20:00;8101886
22.05.2020 21:00;8347415
22.05.2020 22:00;8401720
22.05.2020 23:00;8037625
23.05.2020 00:00;7747545
23.05.2020 01:00;7577974
23.05.2020 02:00;7505294
23.05.2020 03:00;7344456
23.05.2020 04:00;7375840
23.05.2020 05:00;7513850
23.05.2020 06:00;7517918
23.05.2020 07:00;7685926
23.05.2020 08:00;7853964
23.05.2020 09:00;7907207
23.05.2020 10:00;7942393
23.05.2020 11:00;7898495
23.05.2020 12:00;7806860
23.05.2020 13:00;7754042
23.05.2020 14:00;7772840
23.05.2020 15:00;7833367
23.05.2020 16:00;7948448
23.05.2020 17:00;8115301
23.05.2020 18:00;8251386
23.05.2020 19:00;8126232
23.05.2020 20:00;7802654
23.05.2020 21:00;8012406
23.05.2020 22:00;8014241
23.05.2020 23:00;7632892
24.05.2020 00:00;7284490
24.05.2020 01:00;7083661
24.05.2020 02:00;6978641
24.05.2020 03:00;6855168
24.05.2020 04:00;6802711
24.05.2020 05:00;6888933
24.05.2020 06:00;6983142
24.05.2020 07:00;7209094
24.05.2020 08:00;7412483
24.05.2020 09:00;7526133
24.05.2020 10:00;7595024
24.05.2020 11:00;7587908
24.05.2020 12:00;7579196
24.05.2020 13:00;7581838
24.05.2020 14:00;7528851
24.05.2020 15:00;7582031
24.05.2020 16:00;7628621
24.05.2020 17:00;7694012
24.05.2020 18:00;7849908
24.05.2020 19:00;7868995
24.05.2020 20:00;7612467
24.05.2020 21:00;7849440
24.05.2020 22:00;7935380
24.05.2020 23:00;7577633
25.05.2020 00:00;7261056
25.05.2020 01:00;7095579
25.05.2020 02:00;6976299
25.05.2020 03:00;6896143
25.05.2020 04:00;7114440
25.05.2020 05:00;7774119
25.05.2020 06:00;8245391
25.05.2020 07:00;8427044
25.05.2020 08:00;8488358
25.05.2020 09:00;8571353
25.05.2020 10:00;8607960
25.05.2020 11:00;8496435
25.05.2020 12:00;8336685
25.05.2020 13:00;8237795
25.05.2020 14:00;8231728
25.05.2020 15:00;8153759
25.05.2020 16:00;8153982
25.05.2020 17:00;8027017
25.05.2020 18:00;7957126
25.05.2020 19:00;7955678
25.05.2020 20:00;7686891
25.05.2020 21:00;7845133
25.05.2020 22:00;7765514
25.05.2020 23:00;7431395
26.05.2020 00:00;7093031
26.05.2020 01:00;6972235
26.05.2020 02:00;6850547
26.05.2020 03:00;6768707
26.05.2020 04:00;6995738
26.05.2020 05:00;7659339
26.05.2020 06:00;8031035
26.05.2020 07:00;8224235
26.05.2020 08:00;8297569
26.05.2020 09:00;8314344
26.05.2020 10:00;8332854
26.05.2020 11:00;8325492
26.05.2020 12:00;8245902
26.05.2020 13:00;8205537
26.05.2020 14:00;8187122
26.05.2020 15:00;8120389
26.05.2020 16:00;8039028
26.05.2020 17:00;7962155
26.05.2020 18:00;7946523
26.05.2020 19:00;7863575
26.05.2020 20:00;7630360
26.05.2020 21:00;7697564
26.05.2020 22:00;7581958
26.05.2020 23:00;7222683
27.05.2020 00:00;6927306
27.05.2020 01:00;6747907
27.05.2020 02:00;6593234
27.05.2020 03:00;6493004
27.05.2020 04:00;6749629
27.05.2020 05:00;7511559
27.05.2020 06:00;8006658
27.05.2020 07:00;8276937
27.05.2020 08:00;8371656
27.05.2020 09:00;8382741
27.05.2020 10:00;8507640
27.05.2020 11:00;8512776
27.05.2020 12:00;8373110
27.05.2020 13:00;8276161
27.05.2020 14:00;8166497
27.05.2020 15:00;8107027
27.05.2020 16:00;8105403
27.05.2020 17:00;8077841
27.05.2020 18:00;8218771
27.05.2020 19:00;8232453
27.05.2020 20:00;7858027
27.05.2020 21:00;7910830
27.05.2020 22:00;7800175
27.05.2020 23:00;7359899
28.05.2020 00:00;7034231
28.05.2020 01:00;6821480
28.05.2020 02:00;6761610
28.05.2020 03:00;6738630
28.05.2020 04:00;6904634
28.05.2020 05:00;7743259
28.05.2020 06:00;8207252
28.05.2020 07:00;8431334
28.05.2020 08:00;8472547
28.05.2020 09:00;8500094
28.05.2020 10:00;8522936
28.05.2020 11:00;8607856
28.05.2020 12:00;8474415
28.05.2020 13:00;8409476
28.05.2020 14:00;8389582
28.05.2020 15:00;8293721
28.05.2020 16:00;8224189
28.05.2020 17:00;8224255
28.05.2020 18:00;8242113
28.05.2020 19:00;8219812
28.05.2020 20:00;7974592
28.05.2020 21:00;8073400
28.05.2020 22:00;8031861
28.05.2020 23:00;7676991
29.05.2020 00:00;7329987
29.05.2020 01:00;7165014
29.05.2020 02:00;7043640
29.05.2020 03:00;7029792
29.05.2020 04:00;7235786
29.05.2020 05:00;7851268
29.05.2020 06:00;8345411
29.05.2020 07:00;8532819
29.05.2020 08:00;8590260
29.05.2020 09:00;8530398
29.05.2020 10:00;8675272
29.05.2020 11:00;8695616
29.05.2020 12:00;8557152
29.05.2020 13:00;8414127
29.05.2020 14:00;8365495
29.05.2020 15:00;8299101
29.05.2020 16:00;8273377
29.05.2020 17:00;8251229
29.05.2020 18:00;8218578
29.05.2020 19:00;8187018
29.05.2020 20:00;7880626
29.05.2020 21:00;7975718
29.05.2020 22:00;7940004
29.05.2020 23:00;7496609
30.05.2020 00:00;7233259
30.05.2020 01:00;7024014
30.05.2020 02:00;6860756
30.05.2020 03:00;6780304
30.05.2020 04:00;6799715
30.05.2020 05:00;6944503
30.05.2020 06:00;7152751
30.05.2020 07:00;7374727
30.05.2020 08:00;7524007
30.05.2020 09:00;7619512
30.05.2020 10:00;7733765
30.05.2020 11:00;7738642
30.05.2020 12:00;7624207
30.05.2020 13:00;7525846
30.05.2020 14:00;7592919
30.05.2020 15:00;7611863
30.05.2020 16:00;7707025
30.05.2020 17:00;7797177
30.05.2020 18:00;7897920
30.05.2020 19:00;7754038
30.05.2020 20:00;7441036
30.05.2020 21:00;7588399
30.05.2020 22:00;7601156
30.05.2020 23:00;7288380
31.05.2020 00:00;6955837
31.05.2020 01:00;6756051
31.05.2020 02:00;6603239
31.05.2020 03:00;6467350
31.05.2020 04:00;6477709
31.05.2020 05:00;6596582
31.05.2020 06:00;6683194
31.05.2020 07:00;6914590
31.05.2020 08:00;7081312
31.05.2020 09:00;7205129
31.05.2020 10:00;7296966
31.05.2020 11:00;7279675
31.05.2020 12:00;7270226
31.05.2020 13:00;7212124
31.05.2020 14:00;7221192
31.05.2020 15:00;7244602
31.05.2020 16:00;7310159
31.05.2020 17:00;7389207
31.05.2020 18:00;7497865
31.05.2020 19:00;7431332
31.05.2020 20:00;7222553
31.05.2020 21:00;7405584
31.05.2020 22:00;7416574
31.05.2020 23:00;7096666
01.06.2020 00:00;6798917
01.06.2020 01:00;6650035
01.06.2020 02:00;6545068
01.06.2020 03:00;6511362
01.06.2020 04:00;6722662
01.06.2020 05:00;7379450
01.06.2020 06:00;7850276
01.06.2020 07:00;8166796
01.06.2020 08:00;8301594
01.06.2020 09:00;8334193
01.06.2020 10:00;8404143
01.06.2020 11:00;8420761
01.06.2020 12:00;8350986
01.06.2020 13:00;8296076
01.06.2020 14:00;8192114
01.06.2020 15:00;8131461
01.06.2020 16:00;8048546
01.06.2020 17:00;7926322
01.06.2020 18:00;7912848
01.06.2020 19:00;7974539
01.06.2020 20:00;7728683
01.06.2020 21:00;7775168
01.06.2020 22:00;7664328
01.06.2020 23:00;7333294
02.06.2020 00:00;7054890
02.06.2020 01:00;6838879
02.06.2020 02:00;6677049
02.06.2020 03:00;6671632
02.06.2020 04:00;6884020
02.06.2020 05:00;7566870
02.06.2020 06:00;7988941
02.06.2020 07:00;8182159
02.06.2020 08:00;8327112
02.06.2020 09:00;8315369
02.06.2020 10:00;8277918
02.06.2020 11:00;8256115
02.06.2020 12:00;8168459
02.06.2020 13:00;8153408
02.06.2020 14:00;8169186
02.06.2020 15:00;8169252
02.06.2020 16:00;8122180
02.06.2020 17:00;8045536
02.06.2020 18:00;8102128
02.06.2020 19:00;7999116
02.06.2020 20:00;7696223
02.06.2020 21:00;7771650
02.06.2020 22:00;7666679
02.06.2020 23:00;7308919
03.06.2020 00:00;6986581
03.06.2020 01:00;6811219
03.06.2020 02:00;6708871
03.06.2020 03:00;6733664
03.06.2020 04:00;6953974
03.06.2020 05:00;7567063
03.06.2020 06:00;7994474
03.06.2020 07:00;8180761
03.06.2020 08:00;8231695
03.06.2020 09:00;8352347
03.06.2020 10:00;8389276
03.06.2020 11:00;8491133
03.06.2020 12:00;8346140
03.06.2020 13:00;8234704
03.06.2020 14:00;8120818
03.06.2020 15:00;8118809
03.06.2020 16:00;8108494
03.06.2020 17:00;8094424
03.06.2020 18:00;8106739
03.06.2020 19:00;8115498
03.06.2020 20:00;7806941
03.06.2020 21:00;7855077
03.06.2020 22:00;7747362
03.06.2020 23:00;7336952
04.06.2020 00:00;7015614
04.06.2020 01:00;6827645
04.06.2020 02:00;6676432
04.06.2020 03:00;6638959
04.06.2020 04:00;6903563
04.06.2020 05:00;7504883
04.06.2020 06:00;7823306
04.06.2020 07:00;8066693
04.06.2020 08:00;8205656
04.06.2020 09:00;8217171
04.06.2020 10:00;8304455
04.06.2020 11:00;8317184
04.06.2020 12:00;8222112
04.06.2020 13:00;8101348
04.06.2020 14:00;8135803
04.06.2020 15:00;8112754
04.06.2020 16:00;8162292
04.06.2020 17:00;8144713
04.06.2020 18:00;8153664
04.06.2020 19:00;8029380
04.06.2020 20:00;7758159
04.06.2020 21:00;7907406
04.06.2020 22:00;7789981
04.06.2020 23:00;7433334
05.06.2020 00:00;7093737
05.06.2020 01:00;6932384
05.06.2020 02:00;6803169
05.06.2020 03:00;6714440
05.06.2020 04:00;6945753
05.06.2020 05:00;7653494
05.06.2020 06:00;8154690
05.06.2020 07:00;8456276
05.06.2020 08:00;8574021
05.06.2020 09:00;8564380
05.06.2020 10:00;8617353
05.06.2020 11:00;8734578
05.06.2020 12:00;8601010
05.06.2020 13:00;8464306
05.06.2020 14:00;8394165
05.06.2020 15:00;8343389
05.06.2020 16:00;8375393
05.06.2020 17:00;8363428
05.06.2020 18:00;8370989
05.06.2020 19:00;8225533
05.06.2020 20:00;7870135
05.06.2020 21:00;7902485
05.06.2020 22:00;7748426
05.06.2020 23:00;7401121
06.06.2020 00:00;7080105
06.06.2020 01:00;6844383
06.06.2020 02:00;6653283
06.06.2020 03:00;6556986
06.06.2020 04:00;6648700
06.06.2020 05:00;6820141
06.06.2020 06:00;6988080
06.06.2020 07:00;7305767
06.06.2020 08:00;7570669
06.06.2020 09:00;7777078
06.06.2020 10:00;7854590
06.06.2020 11:00;7862811
06.06.2020 12:00;7751368
06.06.2020 13:00;7701367
06.06.2020 14:00;7773363
06.06.2020 15:00;7907600
06.06.2020 16:00;8023811
06.06.2020 17:00;8161389
06.06.2020 18:00;8218647
06.06.2020 19:00;8065926
06.06.2020 20:00;7701027
06.06.2020 21:00;7800305
06.06.2020 22:00;7787293
06.06.2020 23:00;7394294
07.06.2020 00:00;6993640
07.06.2020 01:00;6725109
07.06.2020 02:00;6506256
07.06.2020 03:00;6381981
07.06.2020 04:00;6360322
07.06.2020 05:00;6504298
07.06.2020 06:00;6683184
07.06.2020 07:00;6882302
07.06.2020 08:00;7134768
07.06.2020 09:00;7324819
07.06.2020 10:00;7385104
07.06.2020 11:00;7393513
07.06.2020 12:00;7290444
07.06.2020 13:00;7249426
07.06.2020 14:00;7263770
07.06.2020 15:00;7279620
07.06.2020 16:00;7365783
07.06.2020 17:00;7466965
07.06.2020 18:00;7603090
07.06.2020 19:00;7608546
07.06.2020 20:00;7317777
07.06.2020 21:00;7458898
07.06.2020 22:00;7534656
07.06.2020 23:00;7196547
08.06.2020 00:00;6860467
08.06.2020 01:00;6681382
08.06.2020 02:00;6601204
08.06.2020 03:00;6614954
08.06.2020 04:00;6843069
08.06.2020 05:00;7537319
08.06.2020 06:00;7984751
08.06.2020 07:00;8307364
08.06.2020 08:00;8410860
08.06.2020 09:00;8438238
08.06.2020 10:00;8491946
08.06.2020 11:00;8510988
08.06.2020 12:00;8496902
08.06.2020 13:00;8381547
08.06.2020 14:00;8343067
08.06.2020 15:00;8345985
08.06.2020 16:00;8267627
08.06.2020 17:00;8268205
08.06.2020 18:00;8279278
08.06.2020 19:00;8221908
08.06.2020 20:00;7850077
08.06.2020 21:00;7964889
08.06.2020 22:00;7792837
08.06.2020 23:00;7386943
09.06.2020 00:00;7049139
09.06.2020 01:00;6858084
09.06.2020 02:00;6800566
09.06.2020 03:00;6716258
09.06.2020 04:00;6906149
09.06.2020 05:00;7522381
09.06.2020 06:00;7978283
09.06.2020 07:00;8312656
09.06.2020 08:00;8466520
09.06.2020 09:00;8482934
09.06.2020 10:00;8538257
09.06.2020 11:00;8557647
09.06.2020 12:00;8556770
09.06.2020 13:00;8477985
09.06.2020 14:00;8352267
09.06.2020 15:00;8257983
09.06.2020 16:00;8244796
09.06.2020 17:00;8193388
09.06.2020 18:00;8246596
09.06.2020 19:00;8260548
09.06.2020 20:00;7931230
09.06.2020 21:00;7933996
09.06.2020 22:00;7791224
09.06.2020 23:00;7375955
10.06.2020 00:00;7103978
10.06.2020 01:00;6891631
10.06.2020 02:00;6754213
10.06.2020 03:00;6705771
10.06.2020 04:00;6947731
10.06.2020 05:00;7587921
10.06.2020 06:00;7993455
10.06.2020 07:00;8212436
10.06.2020 08:00;8384992
10.06.2020 09:00;8508413
10.06.2020 10:00;8489429
10.06.2020 11:00;8624329
10.06.2020 12:00;8557698
10.06.2020 13:00;8433759
10.06.2020 14:00;8365696
10.06.2020 15:00;8376920
10.06.2020 16:00;8384010
10.06.2020 17:00;8261600
10.06.2020 18:00;8289242
10.06.2020 19:00;8299144
10.06.2020 20:00;7982652
10.06.2020 21:00;8025973
10.06.2020 22:00;7788271
10.06.2020 23:00;7457305
11.06.2020 00:00;7094794
11.06.2020 01:00;6912811
11.06.2020 02:00;6796085
11.06.2020 03:00;6766036
11.06.2020 04:00;7004113
11.06.2020 05:00;7621056
11.06.2020 06:00;8166163
11.06.2020 07:00;8409071
11.06.2020 08:00;8556015
11.06.2020 09:00;8664693
11.06.2020 10:00;8781872
11.06.2020 11:00;8751524
11.06.2020 12:00;8611908
11.06.2020 13:00;8503843
11.06.2020 14:00;8481190
11.06.2020 15:00;8415825
11.06.2020 16:00;8401693
11.06.2020 17:00;8282549
11.06.2020 18:00;8334693
11.06.2020 19:00;8326279
11.06.2020 20:00;8069780
11.06.2020 21:00;8071798
11.06.2020 22:00;7881138
11.06.2020 23:00;7578072
12.06.2020 00:00;7243146
12.06.2020 01:00;7050879
12.06.2020 02:00;6862428
12.06.2020 03:00;6872716
12.06.2020 04:00;7107012
12.06.2020 05:00;7748898
12.06.2020 06:00;8195457
12.06.2020 07:00;8523850
12.06.2020 08:00;8616431
12.06.2020 09:00;8667211
12.06.2020 10:00;8786819
12.06.2020 11:00;8698546
12.06.2020 12:00;8546104
12.06.2020 13:00;8527818
12.06.2020 14:00;8529439
12.06.2020 15:00;8417991
12.06.2020 16:00;8404028
12.06.2020 17:00;8288174
12.06.2020 18:00;8260169
12.06.2020 19:00;8174822
12.06.2020 20:00;7917278
12.06.2020 21:00;7937080
12.06.2020 22:00;7828354
12.06.2020 23:00;7440121
13.06.2020 00:00;7031802
13.06.2020 01:00;6794515
13.06.2020 02:00;6659254
13.06.2020 03:00;6626049
13.06.2020 04:00;6705261
13.06.2020 05:00;6892081
13.06.2020 06:00;7070242
13.06.2020 07:00;7345032
13.06.2020 08:00;7573272
13.06.2020 09:00;7744101
13.06.2020 10:00;7780663
13.06.2020 11:00;7776181
13.06.2020 12:00;7728237
13.06.2020 13:00;7756214
13.06.2020 14:00;7713519
13.06.2020 15:00;7758396
13.06.2020 16:00;7817329
13.06.2020 17:00;7829714
13.06.2020 18:00;7840885
13.06.2020 19:00;7792050
13.06.2020 20:00;7497839
13.06.2020 21:00;7589372
13.06.2020 22:00;7521368
13.06.2020 23:00;7159814
14.06.2020 00:00;6876888
14.06.2020 01:00;6685147
14.06.2020 02:00;6524458
14.06.2020 03:00;6463272
14.06.2020 04:00;6470712
14.06.2020 05:00;6552769
14.06.2020 06:00;6654406
14.06.2020 07:00;6938685
14.06.2020 08:00;7174767
14.06.2020 09:00;7466946
14.06.2020 10:00;7606787
14.06.2020 11:00;7651383
14.06.2020 12:00;7608595
14.06.2020 13:00;7562837
14.06.2020 14:00;7519754
14.06.2020 15:00;7494392
14.06.2020 16:00;7609900
14.06.2020 17:00;7679311
14.06.2020 18:00;7719746
14.06.2020 19:00;7767188
14.06.2020 20:00;7535087
14.06.2020 21:00;7697644
14.06.2020 22:00;7574109
14.06.2020 23:00;7231043
15.06.2020 00:00;6870499
15.06.2020 01:00;6631348
15.06.2020 02:00;6460951
15.06.2020 03:00;6475889
15.06.2020 04:00;6688514
15.06.2020 05:00;7351654
15.06.2020 06:00;7905185
15.06.2020 07:00;8267875
15.06.2020 08:00;8340709
15.06.2020 09:00;8444185
15.06.2020 10:00;8531081
15.06.2020 11:00;8550229
15.06.2020 12:00;8466347
15.06.2020 13:00;8403619
15.06.2020 14:00;8351676
15.06.2020 15:00;8266366
15.06.2020 16:00;8208155
15.06.2020 17:00;8093424
15.06.2020 18:00;8105886
15.06.2020 19:00;8021520
15.06.2020 20:00;7756665
15.06.2020 21:00;7791630
15.06.2020 22:00;7626190
15.06.2020 23:00;7227236
16.06.2020 00:00;6867777
16.06.2020 01:00;6657243
16.06.2020 02:00;6425886
16.06.2020 03:00;6370308
16.06.2020 04:00;6578818
16.06.2020 05:00;7274653
16.06.2020 06:00;7790102
16.06.2020 07:00;8073890
16.06.2020 08:00;8191729
16.06.2020 09:00;8251034
16.06.2020 10:00;8307726
16.06.2020 11:00;8387399
16.06.2020 12:00;8329268
16.06.2020 13:00;8307686
16.06.2020 14:00;8306265
16.06.2020 15:00;8284380
16.06.2020 16:00;8241592
16.06.2020 17:00;8128696
16.06.2020 18:00;7972122
16.06.2020 19:00;7844230
16.06.2020 20:00;7660290
16.06.2020 21:00;7760808
16.06.2020 22:00;7577700
16.06.2020 23:00;7115200
17.06.2020 00:00;6744607
17.06.2020 01:00;6556271
17.06.2020 02:00;6466632
17.06.2020 03:00;6430714
17.06.2020 04:00;6653544
17.06.2020 05:00;7284058
17.06.2020 06:00;7798319
17.06.2020 07:00;8022741
17.06.2020 08:00;8149784
17.06.2020 09:00;8189605
17.06.2020 10:00;8327764
17.06.2020 11:00;8408888
17.06.2020 12:00;8356047
17.06.2020 13:00;8311426
17.06.2020 14:00;8202415
17.06.2020 15:00;8175851
17.06.2020 16:00;8160497
17.06.2020 17:00;8025486
17.06.2020 18:00;8024216
17.06.2020 19:00;7954408
17.06.2020 20:00;7721132
17.06.2020 21:00;7690355
17.06.2020 22:00;7554701
17.06.2020 23:00;7050582
18.06.2020 00:00;6637654
18.06.2020 01:00;6415274
18.06.2020 02:00;6261816
18.06.2020 03:00;6271085
18.06.2020 04:00;6466214
18.06.2020 05:00;7093932
18.06.2020 06:00;7589476
18.06.2020 07:00;7858031
18.06.2020 08:00;8010528
18.06.2020 09:00;8027207
18.06.2020 10:00;8129768
18.06.2020 11:00;8142392
18.06.2020 12:00;8094793
18.06.2020 13:00;7923436
18.06.2020 14:00;7820903
18.06.2020 15:00;7725686
18.06.2020 16:00;7720377
18.06.2020 17:00;7605242
18.06.2020 18:00;7493452
18.06.2020 19:00;7396545
18.06.2020 20:00;7149085
18.06.2020 21:00;7170771
18.06.2020 22:00;7042726
18.06.2020 23:00;6666250
19.06.2020 00:00;6251772
19.06.2020 01:00;6031299
19.06.2020 02:00;5835165
19.06.2020 03:00;5778406
19.06.2020 04:00;5853306
19.06.2020 05:00;6130753
19.06.2020 06:00;6368728
19.06.2020 07:00;6589091
19.06.2020 08:00;6809334
19.06.2020 09:00;6956005
19.06.2020 10:00;6983348
19.06.2020 11:00;6992519
19.06.2020 12:00;6963099
19.06.2020 13:00;6998958
19.06.2020 14:00;7015647
19.06.2020 15:00;7045334
19.06.2020 16:00;7031125
19.06.2020 17:00;6985091
19.06.2020 18:00;6908158
19.06.2020 19:00;6789470
19.06.2020 20:00;6577963
19.06.2020 21:00;6712891
19.06.2020 22:00;6650088
19.06.2020 23:00;6359434
20.06.2020 00:00;6071339
20.06.2020 01:00;5828045
20.06.2020 02:00;5648774
20.06.2020 03:00;5620157
20.06.2020 04:00;5621308
20.06.2020 05:00;5771502
20.06.2020 06:00;5929326
20.06.2020 07:00;6147831
20.06.2020 08:00;6348888
20.06.2020 09:00;6562223
20.06.2020 10:00;6666418
20.06.2020 11:00;6725080
20.06.2020 12:00;6683078
20.06.2020 13:00;6713742
20.06.2020 14:00;6765418
20.06.2020 15:00;6846093
20.06.2020 16:00;6885380
20.06.2020 17:00;6878201
20.06.2020 18:00;6918424
20.06.2020 19:00;6805316
20.06.2020 20:00;6559152
20.06.2020 21:00;6692615
20.06.2020 22:00;6575540
20.06.2020 23:00;6316366
21.06.2020 00:00;6074512
21.06.2020 01:00;5882143
21.06.2020 02:00;5660821
21.06.2020 03:00;5673008
21.06.2020 04:00;5629654
21.06.2020 05:00;5721176
21.06.2020 06:00;5904646
21.06.2020 07:00;6113139
21.06.2020 08:00;6321843
21.06.2020 09:00;6533189
21.06.2020 10:00;6708488
21.06.2020 11:00;6751870
21.06.2020 12:00;6756985
21.06.2020 13:00;6729679
21.06.2020 14:00;6712040
21.06.2020 15:00;6791426
21.06.2020 16:00;6752475
21.06.2020 17:00;6867325
21.06.2020 18:00;6992827
21.06.2020 19:00;6964407
21.06.2020 20:00;6764697
21.06.2020 21:00;6907754
21.06.2020 22:00;6862279
21.06.2020 23:00;6551870
22.06.2020 00:00;6236437
22.06.2020 01:00;6044569
22.06.2020 02:00;5878965
22.06.2020 03:00;5892493
22.06.2020 04:00;6110484
22.06.2020 05:00;6799324
22.06.2020 06:00;7325550
22.06.2020 07:00;7632939
22.06.2020 08:00;7824928
22.06.2020 09:00;7917455
22.06.2020 10:00;7944787
22.06.2020 11:00;8028707
22.06.2020 12:00;8035830
22.06.2020 13:00;7966386
22.06.2020 14:00;7851599
22.06.2020 15:00;7838688
22.06.2020 16:00;7797881
22.06.2020 17:00;7669063
22.06.2020 18:00;7651447
22.06.2020 19:00;7591294
22.06.2020 20:00;7373908
22.06.2020 21:00;7349693
22.06.2020 22:00;7192510
22.06.2020 23:00;6812036
23.06.2020 00:00;6511804
23.06.2020 01:00;6308926
23.06.2020 02:00;6193322
23.06.2020 03:00;6236358
23.06.2020 04:00;6395384
23.06.2020 05:00;7084656
23.06.2020 06:00;7513368
23.06.2020 07:00;7852341
23.06.2020 08:00;8011897
23.06.2020 09:00;8152847
23.06.2020 10:00;8300579
23.06.2020 11:00;8431684
23.06.2020 12:00;8401134
23.06.2020 13:00;8282051
23.06.2020 14:00;8158973
23.06.2020 15:00;8139487
23.06.2020 16:00;8142582
23.06.2020 17:00;8030419
23.06.2020 18:00;7984677
23.06.2020 19:00;7958668
23.06.2020 20:00;7733335
23.06.2020 21:00;7735841
23.06.2020 22:00;7522035
23.06.2020 23:00;7160111
24.06.2020 00:00;6806721
24.06.2020 01:00;6565864
24.06.2020 02:00;6426539
24.06.2020 03:00;6458634
24.06.2020 04:00;6674481
24.06.2020 05:00;7261625
24.06.2020 06:00;7798278
24.06.2020 07:00;8179774
24.06.2020 08:00;8427733
24.06.2020 09:00;8521978
24.06.2020 10:00;8646529
24.06.2020 11:00;8712088
24.06.2020 12:00;8653246
24.06.2020 13:00;8586958
24.06.2020 14:00;8577611
24.06.2020 15:00;8543799
24.06.2020 16:00;8495074
24.06.2020 17:00;8363836
24.06.2020 18:00;8351657
24.06.2020 19:00;8262993
24.06.2020 20:00;7951349
24.06.2020 21:00;7935055
24.06.2020 22:00;7719888
24.06.2020 23:00;7330064
25.06.2020 00:00;7055491
25.06.2020 01:00;6874963
25.06.2020 02:00;6706374
25.06.2020 03:00;6670334
25.06.2020 04:00;6923197
25.06.2020 05:00;7551507
25.06.2020 06:00;8099974
25.06.2020 07:00;8393487
25.06.2020 08:00;8592835
25.06.2020 09:00;8575532
25.06.2020 10:00;8652005
25.06.2020 11:00;8881025
25.06.2020 12:00;8754243
25.06.2020 13:00;8699936
25.06.2020 14:00;8664089
25.06.2020 15:00;8696036
25.06.2020 16:00;8622278
25.06.2020 17:00;8490141
25.06.2020 18:00;8403685
25.06.2020 19:00;8271795
25.06.2020 20:00;8101066
25.06.2020 21:00;8149996
25.06.2020 22:00;7891923
25.06.2020 23:00;7567927
26.06.2020 00:00;7264665
26.06.2020 01:00;7134304
26.06.2020 02:00;6985378
26.06.2020 03:00;6933255
26.06.2020 04:00;7154066
26.06.2020 05:00;7836671
26.06.2020 06:00;8270086
26.06.2020 07:00;8600793
26.06.2020 08:00;8789242
26.06.2020 09:00;8904436
26.06.2020 10:00;9005733
26.06.2020 11:00;9061600
26.06.2020 12:00;8976348
26.06.2020 13:00;8850158
26.06.2020 14:00;8822785
26.06.2020 15:00;8727112
26.06.2020 16:00;8655852
26.06.2020 17:00;8464917
26.06.2020 18:00;8413911
26.06.2020 19:00;8264587
26.06.2020 20:00;8030378
26.06.2020 21:00;8082867
26.06.2020 22:00;7950630
26.06.2020 23:00;7580785
27.06.2020 00:00;7281878
27.06.2020 01:00;7040833
27.06.2020 02:00;6847232
27.06.2020 03:00;6754775
27.06.2020 04:00;6784216
27.06.2020 05:00;6945644
27.06.2020 06:00;7164430
27.06.2020 07:00;7427723
27.06.2020 08:00;7671321
27.06.2020 09:00;7815898
27.06.2020 10:00;7935824
27.06.2020 11:00;7957635
27.06.2020 12:00;7970174
27.06.2020 13:00;7997939
27.06.2020 14:00;8027957
27.06.2020 15:00;8082679
27.06.2020 16:00;8119414
27.06.2020 17:00;8081844
27.06.2020 18:00;8021617
27.06.2020 19:00;7942786
27.06.2020 20:00;7679344
27.06.2020 21:00;7802996
27.06.2020 22:00;7708393
27.06.2020 23:00;7372290
28.06.2020 00:00;7001522
28.06.2020 01:00;6804073
28.06.2020 02:00;6643079
28.06.2020 03:00;6554239
28.06.2020 04:00;6536459
28.06.2020 05:00;6691383
28.06.2020 06:00;6833930
28.06.2020 07:00;7063928
28.06.2020 08:00;7341047
28.06.2020 09:00;7554858
28.06.2020 10:00;7656143
28.06.2020 11:00;7718719
28.06.2020 12:00;7751634
28.06.2020 13:00;7776009
28.06.2020 14:00;7743615
28.06.2020 15:00;7756496
28.06.2020 16:00;7797859
28.06.2020 17:00;7778183
28.06.2020 18:00;7855329
28.06.2020 19:00;7811598
28.06.2020 20:00;7566959
28.06.2020 21:00;7759429
28.06.2020 22:00;7600747
28.06.2020 23:00;7278917
29.06.2020 00:00;6996888
29.06.2020 01:00;6864437
29.06.2020 02:00;6702622
29.06.2020 03:00;6672753
29.06.2020 04:00;6904290
29.06.2020 05:00;7495394
29.06.2020 06:00;7970624
29.06.2020 07:00;8258224
29.06.2020 08:00;8438401
29.06.2020 09:00;8521243
29.06.2020 10:00;8661120
29.06.2020 11:00;8715154
29.06.2020 12:00;8629060
29.06.2020 13:00;8570445
29.06.2020 14:00;8515893
29.06.2020 15:00;8428360
29.06.2020 16:00;8389216
29.06.2020 17:00;8379314
29.06.2020 18:00;8308239
29.06.2020 19:00;8313497
29.06.2020 20:00;8031749
29.06.2020 21:00;8076922
29.06.2020 22:00;7958728
29.06.2020 23:00;7567450
30.06.2020 00:00;7291439
30.06.2020 01:00;7117103
30.06.2020 02:00;7066481
30.06.2020 03:00;7036413
30.06.2020 04:00;7206440
30.06.2020 05:00;7822224
30.06.2020 06:00;8253652
30.06.2020 07:00;8471553
30.06.2020 08:00;8687664
30.06.2020 09:00;8831909
30.06.2020 10:00;8957855
30.06.2020 11:00;8929127
30.06.2020 12:00;8894568
30.06.2020 13:00;8819526
30.06.2020 14:00;8698062
30.06.2020 15:00;8647803
30.06.2020 16:00;8634724
30.06.2020 17:00;8570252
30.06.2020 18:00;8554163
30.06.2020 19:00;8483119
30.06.2020 20:00;8178849
30.06.2020 21:00;8179904
30.06.2020 22:00;7994622
30.06.2020 23:00;7652894
01.07.2020 00:00;7360713
01.07.2020 01:00;7069764
01.07.2020 02:00;7036036
01.07.2020 03:00;6964328
01.07.2020 04:00;7091351
01.07.2020 05:00;7678541
01.07.2020 06:00;8176358
01.07.2020 07:00;8400989
01.07.2020 08:00;8565077
01.07.2020 09:00;8631229
01.07.2020 10:00;8690136
01.07.2020 11:00;8676730
01.07.2020 12:00;8635987
01.07.2020 13:00;8649598
01.07.2020 14:00;8607356
01.07.2020 15:00;8522024
01.07.2020 16:00;8552442
01.07.2020 17:00;8496502
01.07.2020 18:00;8491762
01.07.2020 19:00;8446204
01.07.2020 20:00;8173666
01.07.2020 21:00;8114430
01.07.2020 22:00;7907640
01.07.2020 23:00;7536155
02.07.2020 00:00;7270676
02.07.2020 01:00;7069489
02.07.2020 02:00;6875554
02.07.2020 03:00;6819659
02.07.2020 04:00;6995076
02.07.2020 05:00;7564344
02.07.2020 06:00;7951621
02.07.2020 07:00;8126856
02.07.2020 08:00;8250816
02.07.2020 09:00;8352253
02.07.2020 10:00;8438518
02.07.2020 11:00;8515780
02.07.2020 12:00;8470845
02.07.2020 13:00;8331609
02.07.2020 14:00;8287794
02.07.2020 15:00;8172578
02.07.2020 16:00;8077356
02.07.2020 17:00;8049364
02.07.2020 18:00;8085178
02.07.2020 19:00;8009213
02.07.2020 20:00;7754656
02.07.2020 21:00;7798551
02.07.2020 22:00;7590004
02.07.2020 23:00;7223223
03.07.2020 00:00;6913718
03.07.2020 01:00;6716828
03.07.2020 02:00;6638376
03.07.2020 03:00;6637648
03.07.2020 04:00;6815461
03.07.2020 05:00;7373647
03.07.2020 06:00;7868165
03.07.2020 07:00;8134399
03.07.2020 08:00;8325976
03.07.2020 09:00;8403900
03.07.2020 10:00;8467653
03.07.2020 11:00;8528289
03.07.2020 12:00;8469911
03.07.2020 13:00;8374781
03.07.2020 14:00;8249489
03.07.2020 15:00;8151140
03.07.2020 16:00;8145364
03.07.2020 17:00;8108818
03.07.2020 18:00;8081038
03.07.2020 19:00;8001456
03.07.2020 20:00;7732357
03.07.2020 21:00;7745440
03.07.2020 22:00;7600916
03.07.2020 23:00;7234473
04.07.2020 00:00;6886506
04.07.2020 01:00;6708937
04.07.2020 02:00;6536259
04.07.2020 03:00;6458414
04.07.2020 04:00;6510384
04.07.2020 05:00;6712032
04.07.2020 06:00;6855767
04.07.2020 07:00;7099638
04.07.2020 08:00;7321260
04.07.2020 09:00;7445963
04.07.2020 10:00;7624276
04.07.2020 11:00;7642515
04.07.2020 12:00;7656767
04.07.2020 13:00;7669115
04.07.2020 14:00;7709361
04.07.2020 15:00;7801246
04.07.2020 16:00;7951778
04.07.2020 17:00;8009750
04.07.2020 18:00;8001725
04.07.2020 19:00;7898941
04.07.2020 20:00;7568374
04.07.2020 21:00;7623239
04.07.2020 22:00;7569832
04.07.2020 23:00;7179658
05.07.2020 00:00;6782724
05.07.2020 01:00;6624137
05.07.2020 02:00;6474126
05.07.2020 03:00;6374743
05.07.2020 04:00;6380953
05.07.2020 05:00;6527419
05.07.2020 06:00;6594497
05.07.2020 07:00;6822652
05.07.2020 08:00;7056935
05.07.2020 09:00;7225463
05.07.2020 10:00;7294317
05.07.2020 11:00;7357214
05.07.2020 12:00;7318447
05.07.2020 13:00;7325488
05.07.2020 14:00;7293856
05.07.2020 15:00;7336017
05.07.2020 16:00;7426159
05.07.2020 17:00;7538445
05.07.2020 18:00;7589020
05.07.2020 19:00;7618676
05.07.2020 20:00;7389887
05.07.2020 21:00;7620485
05.07.2020 22:00;7517472
05.07.2020 23:00;7137139
06.07.2020 00:00;6788318
06.07.2020 01:00;6631284
06.07.2020 02:00;6550096
06.07.2020 03:00;6410199
06.07.2020 04:00;6578020
06.07.2020 05:00;7166280
06.07.2020 06:00;7708215
06.07.2020 07:00;8032513
06.07.2020 08:00;8218332
06.07.2020 09:00;8268861
06.07.2020 10:00;8349602
06.07.2020 11:00;8295285
06.07.2020 12:00;8298563
06.07.2020 13:00;8236202
06.07.2020 14:00;8261416
06.07.2020 15:00;8178397
06.07.2020 16:00;8100628
06.07.2020 17:00;8014340
06.07.2020 18:00;8057279
06.07.2020 19:00;7996054
06.07.2020 20:00;7730559
06.07.2020 21:00;7776893
06.07.2020 22:00;7604880
06.07.2020 23:00;7197837
07.07.2020 00:00;6849836
07.07.2020 01:00;6697783
07.07.2020 02:00;6541164
07.07.2020 03:00;6472388
07.07.2020 04:00;6581381
07.07.2020 05:00;7137240
07.07.2020 06:00;7624970
07.07.2020 07:00;7906398
07.07.2020 08:00;8058487
07.07.2020 09:00;8128191
07.07.2020 10:00;8191672
07.07.2020 11:00;8166210
07.07.2020 12:00;8110597
07.07.2020 13:00;8093218
07.07.2020 14:00;8018510
07.07.2020 15:00;7980555
07.07.2020 16:00;8002526
07.07.2020 17:00;7984388
07.07.2020 18:00;7955994
07.07.2020 19:00;7968888
07.07.2020 20:00;7654203
07.07.2020 21:00;7685409
07.07.2020 22:00;7537936
07.07.2020 23:00;7175994
08.07.2020 00:00;6835078
08.07.2020 01:00;6663133
08.07.2020 02:00;6552879
08.07.2020 03:00;6538073
08.07.2020 04:00;6731032
08.07.2020 05:00;7291458
08.07.2020 06:00;7660887
08.07.2020 07:00;7939352
08.07.2020 08:00;8128029
08.07.2020 09:00;8148232
08.07.2020 10:00;8256649
08.07.2020 11:00;8282284
08.07.2020 12:00;8244495
08.07.2020 13:00;8207501
08.07.2020 14:00;8133611
08.07.2020 15:00;8098162
08.07.2020 16:00;8121669
08.07.2020 17:00;8120783
08.07.2020 18:00;8158426
08.07.2020 19:00;8069634
08.07.2020 20:00;7786295
08.07.2020 21:00;7799944
08.07.2020 22:00;7664336
08.07.2020 23:00;7349961
09.07.2020 00:00;7064986
09.07.2020 01:00;6908051
09.07.2020 02:00;6831131
09.07.2020 03:00;6826820
09.07.2020 04:00;6992259
09.07.2020 05:00;7487569
09.07.2020 06:00;7927579
09.07.2020 07:00;8190342
09.07.2020 08:00;8356422
09.07.2020 09:00;8471246
09.07.2020 10:00;8536315
09.07.2020 11:00;8567295
09.07.2020 12:00;8461974
09.07.2020 13:00;8402203
09.07.2020 14:00;8361250
09.07.2020 15:00;8327683
09.07.2020 16:00;8359240
09.07.2020 17:00;8333421
09.07.2020 18:00;8385597
09.07.2020 19:00;8288113
09.07.2020 20:00;8006852
09.07.2020 21:00;8040921
09.07.2020 22:00;7901913
09.07.2020 23:00;7621136
10.07.2020 00:00;7260340
10.07.2020 01:00;7016310
10.07.2020 02:00;6921522
10.07.2020 03:00;6874989
10.07.2020 04:00;7077197
10.07.2020 05:00;7656929
10.07.2020 06:00;8017155
10.07.2020 07:00;8266085
10.07.2020 08:00;8380871
10.07.2020 09:00;8453554
10.07.2020 10:00;8553293
10.07.2020 11:00;8528084
10.07.2020 12:00;8447428
10.07.2020 13:00;8272555
10.07.2020 14:00;8280227
10.07.2020 15:00;8218231
10.07.2020 16:00;8231004
10.07.2020 17:00;8166197
10.07.2020 18:00;8190483
10.07.2020 19:00;8106550
10.07.2020 20:00;7806129
10.07.2020 21:00;7877391
10.07.2020 22:00;7754902
10.07.2020 23:00;7442605
11.07.2020 00:00;7088193
11.07.2020 01:00;6883772
11.07.2020 02:00;6789874
11.07.2020 03:00;6690870
11.07.2020 04:00;6743955
11.07.2020 05:00;6907535
11.07.2020 06:00;7119155
11.07.2020 07:00;7291045
11.07.2020 08:00;7553704
11.07.2020 09:00;7724483
11.07.2020 10:00;7883210
11.07.2020 11:00;7859962
11.07.2020 12:00;7855434
11.07.2020 13:00;7812748
11.07.2020 14:00;7791406
11.07.2020 15:00;7873895
11.07.2020 16:00;7969687
11.07.2020 17:00;8031558
11.07.2020 18:00;8050056
11.07.2020 19:00;7901739
11.07.2020 20:00;7614832
11.07.2020 21:00;7711776
11.07.2020 22:00;7669011
11.07.2020 23:00;7337520
12.07.2020 00:00;7030022
12.07.2020 01:00;6887515
12.07.2020 02:00;6731175
12.07.2020 03:00;6654764
12.07.2020 04:00;6636569
12.07.2020 05:00;6792582
12.07.2020 06:00;6900517
12.07.2020 07:00;7077647
12.07.2020 08:00;7254752
12.07.2020 09:00;7358217
12.07.2020 10:00;7251624
12.07.2020 11:00;7362554
12.07.2020 12:00;7287372
12.07.2020 13:00;7237635
12.07.2020 14:00;7279179
12.07.2020 15:00;7316900
12.07.2020 16:00;7387584
12.07.2020 17:00;7472461
12.07.2020 18:00;7528548
12.07.2020 19:00;7520202
12.07.2020 20:00;7315741
12.07.2020 21:00;7453278
12.07.2020 22:00;7439302
12.07.2020 23:00;7097237
13.07.2020 00:00;6841296
13.07.2020 01:00;6691095
13.07.2020 02:00;6584724
13.07.2020 03:00;6574514
13.07.2020 04:00;6750170
13.07.2020 05:00;7308008
13.07.2020 06:00;7676508
13.07.2020 07:00;7989338
13.07.2020 08:00;8188732
13.07.2020 09:00;8252141
13.07.2020 10:00;8392858
13.07.2020 11:00;8415630
13.07.2020 12:00;8365866
13.07.2020 13:00;8282094
13.07.2020 14:00;8234594
13.07.2020 15:00;8149344
13.07.2020 16:00;8100911
13.07.2020 17:00;8059166
13.07.2020 18:00;8107303
13.07.2020 19:00;8079220
13.07.2020 20:00;7791380
13.07.2020 21:00;7892865
13.07.2020 22:00;7804360
13.07.2020 23:00;7425857
14.07.2020 00:00;7104118
14.07.2020 01:00;6941665
14.07.2020 02:00;6862301
14.07.2020 03:00;6773090
14.07.2020 04:00;6965182
14.07.2020 05:00;7535392
14.07.2020 06:00;7881679
14.07.2020 07:00;8020880
14.07.2020 08:00;8172006
14.07.2020 09:00;8236796
14.07.2020 10:00;8294124
14.07.2020 11:00;8275398
14.07.2020 12:00;8234808
14.07.2020 13:00;8167506
14.07.2020 14:00;8111125
14.07.2020 15:00;8072351
14.07.2020 16:00;8032195
14.07.2020 17:00;8025789
14.07.2020 18:00;8113308
14.07.2020 19:00;8065407
14.07.2020 20:00;7799296
14.07.2020 21:00;7859112
14.07.2020 22:00;7757881
14.07.2020 23:00;7324662
15.07.2020 00:00;7059192
15.07.2020 01:00;6872379
15.07.2020 02:00;6740511
15.07.2020 03:00;6730297
15.07.2020 04:00;6867558
15.07.2020 05:00;7412251
15.07.2020 06:00;7750459
15.07.2020 07:00;7980785
15.07.2020 08:00;8139246
15.07.2020 09:00;8148972
15.07.2020 10:00;8248517
15.07.2020 11:00;8281924
15.07.2020 12:00;8245633
15.07.2020 13:00;8224774
15.07.2020 14:00;8211681
15.07.2020 15:00;8203861
15.07.2020 16:00;8189759
15.07.2020 17:00;8139862
15.07.2020 18:00;8113255
15.07.2020 19:00;8061836
15.07.2020 20:00;7786454
15.07.2020 21:00;7882483
15.07.2020 22:00;7693397
15.07.2020 23:00;7311703
16.07.2020 00:00;7022387
16.07.2020 01:00;6836223
16.07.2020 02:00;6745666
16.07.2020 03:00;6612300
16.07.2020 04:00;6776798
16.07.2020 05:00;7272020
16.07.2020 06:00;7648579
16.07.2020 07:00;7880567
16.07.2020 08:00;8055664
16.07.2020 09:00;8213947
16.07.2020 10:00;8333874
16.07.2020 11:00;8356612
16.07.2020 12:00;8313848
16.07.2020 13:00;8261891
16.07.2020 14:00;8222302
16.07.2020 15:00;8179508
16.07.2020 16:00;8173165
16.07.2020 17:00;8102175
16.07.2020 18:00;8051924
16.07.2020 19:00;7926603
16.07.2020 20:00;7773568
16.07.2020 21:00;7830238
16.07.2020 22:00;7716437
16.07.2020 23:00;7434944
17.07.2020 00:00;7109408
17.07.2020 01:00;6979905
17.07.2020 02:00;6868372
17.07.2020 03:00;6783480
17.07.2020 04:00;6988912
17.07.2020 05:00;7431150
17.07.2020 06:00;7725394
17.07.2020 07:00;8122927
17.07.2020 08:00;8406983
17.07.2020 09:00;8439114
17.07.2020 10:00;8522618
17.07.2020 11:00;8527703
17.07.2020 12:00;8490796
17.07.2020 13:00;8393461
17.07.2020 14:00;8483495
17.07.2020 15:00;8411263
17.07.2020 16:00;8381813
17.07.2020 17:00;8263016
17.07.2020 18:00;8149711
17.07.2020 19:00;8049979
17.07.2020 20:00;7799235
17.07.2020 21:00;7764022
17.07.2020 22:00;7670338
17.07.2020 23:00;7246246
18.07.2020 00:00;6904154
18.07.2020 01:00;6668362
18.07.2020 02:00;6594801
18.07.2020 03:00;6470884
18.07.2020 04:00;6543670
18.07.2020 05:00;6772988
18.07.2020 06:00;6957683
18.07.2020 07:00;7286113
18.07.2020 08:00;7540797
18.07.2020 09:00;7688370
18.07.2020 10:00;7745341
18.07.2020 11:00;7784896
18.07.2020 12:00;7741729
18.07.2020 13:00;7757120
18.07.2020 14:00;7771694
18.07.2020 15:00;7834301
18.07.2020 16:00;7854215
18.07.2020 17:00;7885852
18.07.2020 18:00;7910834
18.07.2020 19:00;7785441
18.07.2020 20:00;7534466
18.07.2020 21:00;7582166
18.07.2020 22:00;7513573
18.07.2020 23:00;7131482
19.07.2020 00:00;6773374
19.07.2020 01:00;6582982
19.07.2020 02:00;6470620
19.07.2020 03:00;6340945
19.07.2020 04:00;6336591
19.07.2020 05:00;6462700
19.07.2020 06:00;6642647
19.07.2020 07:00;6827345
19.07.2020 08:00;7047772
19.07.2020 09:00;7268784
19.07.2020 10:00;7452778
19.07.2020 11:00;7536239
19.07.2020 12:00;7473586
19.07.2020 13:00;7487409
19.07.2020 14:00;7499466
19.07.2020 15:00;7508910
19.07.2020 16:00;7486890
19.07.2020 17:00;7521065
19.07.2020 18:00;7515343
19.07.2020 19:00;7513627
19.07.2020 20:00;7329798
19.07.2020 21:00;7546436
19.07.2020 22:00;7475466
19.07.2020 23:00;7036578
20.07.2020 00:00;6717463
20.07.2020 01:00;6580815
20.07.2020 02:00;6538062
20.07.2020 03:00;6507730
20.07.2020 04:00;6600644
20.07.2020 05:00;7106373
20.07.2020 06:00;7529763
20.07.2020 07:00;7876546
20.07.2020 08:00;8122450
20.07.2020 09:00;8177227
20.07.2020 10:00;8255441
20.07.2020 11:00;8226358
20.07.2020 12:00;8243707
20.07.2020 13:00;8257521
20.07.2020 14:00;8139274
20.07.2020 15:00;8038147
20.07.2020 16:00;7993097
20.07.2020 17:00;7850838
20.07.2020 18:00;7955028
20.07.2020 19:00;7884572
20.07.2020 20:00;7621083
20.07.2020 21:00;7645482
20.07.2020 22:00;7509129
20.07.2020 23:00;7083395
21.07.2020 00:00;6740065
21.07.2020 01:00;6524424
21.07.2020 02:00;6447668
21.07.2020 03:00;6365038
21.07.2020 04:00;6464311
21.07.2020 05:00;6925353
21.07.2020 06:00;7430442
21.07.2020 07:00;7761147
21.07.2020 08:00;8013822
21.07.2020 09:00;8096343
21.07.2020 10:00;8165690
21.07.2020 11:00;8211005
21.07.2020 12:00;8169271
21.07.2020 13:00;8132134
21.07.2020 14:00;8109529
21.07.2020 15:00;8051130
21.07.2020 16:00;8007930
21.07.2020 17:00;7969979
21.07.2020 18:00;7942179
21.07.2020 19:00;7896261
21.07.2020 20:00;7523195
21.07.2020 21:00;7564229
21.07.2020 22:00;7454921
21.07.2020 23:00;7021076
22.07.2020 00:00;6675801
22.07.2020 01:00;6498999
22.07.2020 02:00;6452713
22.07.2020 03:00;6331286
22.07.2020 04:00;6442074
22.07.2020 05:00;6881669
22.07.2020 06:00;7307381
22.07.2020 07:00;7601311
22.07.2020 08:00;7760904
22.07.2020 09:00;7889784
22.07.2020 10:00;7992156
22.07.2020 11:00;8019580
22.07.2020 12:00;7941070
22.07.2020 13:00;7917773
22.07.2020 14:00;7859761
22.07.2020 15:00;7790402
22.07.2020 16:00;7857359
22.07.2020 17:00;7834801
22.07.2020 18:00;7908490
22.07.2020 19:00;7830439
22.07.2020 20:00;7549877
22.07.2020 21:00;7601960
22.07.2020 22:00;7507633
22.07.2020 23:00;7093550
23.07.2020 00:00;6746883
23.07.2020 01:00;6571609
23.07.2020 02:00;6509329
23.07.2020 03:00;6454887
23.07.2020 04:00;6524895
23.07.2020 05:00;7018882
23.07.2020 06:00;7493465
23.07.2020 07:00;7823171
23.07.2020 08:00;7968298
23.07.2020 09:00;8076202
23.07.2020 10:00;8209121
23.07.2020 11:00;8257898
23.07.2020 12:00;8200204
23.07.2020 13:00;8146662
23.07.2020 14:00;8102671
23.07.2020 15:00;8116820
23.07.2020 16:00;8119684
23.07.2020 17:00;8090869
23.07.2020 18:00;8179404
23.07.2020 19:00;8089966
23.07.2020 20:00;7801298
23.07.2020 21:00;7897816
23.07.2020 22:00;7724438
23.07.2020 23:00;7253230
24.07.2020 00:00;6852971
24.07.2020 01:00;6701613
24.07.2020 02:00;6686548
24.07.2020 03:00;6696065
24.07.2020 04:00;6798871
24.07.2020 05:00;7306310
24.07.2020 06:00;7791074
24.07.2020 07:00;7952466
24.07.2020 08:00;8172118
24.07.2020 09:00;8349323
24.07.2020 10:00;8427293
24.07.2020 11:00;8435992
24.07.2020 12:00;8430459
24.07.2020 13:00;8348352
24.07.2020 14:00;8274185
24.07.2020 15:00;8248326
24.07.2020 16:00;8310755
24.07.2020 17:00;8293494
24.07.2020 18:00;8290714
24.07.2020 19:00;8123490
24.07.2020 20:00;7816067
24.07.2020 21:00;7950453
24.07.2020 22:00;7767388
24.07.2020 23:00;7328403
25.07.2020 00:00;7000331
25.07.2020 01:00;6807961
25.07.2020 02:00;6733873
25.07.2020 03:00;6690818
25.07.2020 04:00;6662770
25.07.2020 05:00;6837360
25.07.2020 06:00;7012060
25.07.2020 07:00;7232201
25.07.2020 08:00;7507424
25.07.2020 09:00;7657455
25.07.2020 10:00;7739255
25.07.2020 11:00;7820578
25.07.2020 12:00;7767196
25.07.2020 13:00;7748292
25.07.2020 14:00;7747034
25.07.2020 15:00;7825724
25.07.2020 16:00;7880856
25.07.2020 17:00;7971551
25.07.2020 18:00;8001488
25.07.2020 19:00;7877390
25.07.2020 20:00;7602829
25.07.2020 21:00;7753586
25.07.2020 22:00;7658726
25.07.2020 23:00;7286441
26.07.2020 00:00;6936638
26.07.2020 01:00;6726056
26.07.2020 02:00;6635223
26.07.2020 03:00;6560544
26.07.2020 04:00;6528544
26.07.2020 05:00;6638753
26.07.2020 06:00;6756437
26.07.2020 07:00;6941768
26.07.2020 08:00;7180999
26.07.2020 09:00;7328273
26.07.2020 10:00;7425230
26.07.2020 11:00;7499272
26.07.2020 12:00;7455300
26.07.2020 13:00;7429955
26.07.2020 14:00;7384922
26.07.2020 15:00;7470112
26.07.2020 16:00;7489804
26.07.2020 17:00;7521984
26.07.2020 18:00;7586908
26.07.2020 19:00;7556360
26.07.2020 20:00;7304110
26.07.2020 21:00;7561177
26.07.2020 22:00;7564355
26.07.2020 23:00;7190123
27.07.2020 00:00;6869915
27.07.2020 01:00;6705267
27.07.2020 02:00;6664157
27.07.2020 03:00;6618489
27.07.2020 04:00;6758070
27.07.2020 05:00;7263115
27.07.2020 06:00;7754989
27.07.2020 07:00;8028779
27.07.2020 08:00;8219320
27.07.2020 09:00;8306784
27.07.2020 10:00;8377437
27.07.2020 11:00;8464069
27.07.2020 12:00;8437257
27.07.2020 13:00;8436021
27.07.2020 14:00;8347766
27.07.2020 15:00;8281949
27.07.2020 16:00;8237693
27.07.2020 17:00;8163340
27.07.2020 18:00;8163572
27.07.2020 19:00;8118230
27.07.2020 20:00;7847012
27.07.2020 21:00;7956322
27.07.2020 22:00;7805464
27.07.2020 23:00;7334807
28.07.2020 00:00;6991385
28.07.2020 01:00;6803127
28.07.2020 02:00;6733073
28.07.2020 03:00;6714517
28.07.2020 04:00;6816737
28.07.2020 05:00;7260814
28.07.2020 06:00;7674407
28.07.2020 07:00;8013935
28.07.2020 08:00;8191139
28.07.2020 09:00;8273048
28.07.2020 10:00;8321534
28.07.2020 11:00;8465449
28.07.2020 12:00;8456673
28.07.2020 13:00;8427723
28.07.2020 14:00;8368862
28.07.2020 15:00;8299661
28.07.2020 16:00;8288284
28.07.2020 17:00;8296901
28.07.2020 18:00;8245329
28.07.2020 19:00;8160827
28.07.2020 20:00;7891784
28.07.2020 21:00;7964997
28.07.2020 22:00;7804598
28.07.2020 23:00;7365324
29.07.2020 00:00;6965654
29.07.2020 01:00;6812276
29.07.2020 02:00;6824957
29.07.2020 03:00;6804713
29.07.2020 04:00;6849570
29.07.2020 05:00;7393330
29.07.2020 06:00;7831435
29.07.2020 07:00;8170142
29.07.2020 08:00;8388359
29.07.2020 09:00;8556103
29.07.2020 10:00;8548118
29.07.2020 11:00;8615344
29.07.2020 12:00;8539230
29.07.2020 13:00;8469681
29.07.2020 14:00;8426299
29.07.2020 15:00;8397780
29.07.2020 16:00;8398739
29.07.2020 17:00;8356775
29.07.2020 18:00;8372988
29.07.2020 19:00;8281880
29.07.2020 20:00;7971446
29.07.2020 21:00;8051999
29.07.2020 22:00;7855935
29.07.2020 23:00;7389098
30.07.2020 00:00;7035684
30.07.2020 01:00;6833029
30.07.2020 02:00;6765330
30.07.2020 03:00;6762301
30.07.2020 04:00;6789872
30.07.2020 05:00;7299272
30.07.2020 06:00;7791013
30.07.2020 07:00;8141853
30.07.2020 08:00;8340046
30.07.2020 09:00;8414951
30.07.2020 10:00;8456927
30.07.2020 11:00;8470184
30.07.2020 12:00;8385907
30.07.2020 13:00;8300028
30.07.2020 14:00;8209264
30.07.2020 15:00;8145845
30.07.2020 16:00;8059580
30.07.2020 17:00;8022260
30.07.2020 18:00;8135407
30.07.2020 19:00;8121927
30.07.2020 20:00;7812100
30.07.2020 21:00;7928649
30.07.2020 22:00;7734146
30.07.2020 23:00;7293418
31.07.2020 00:00;7078856
31.07.2020 01:00;6933211
31.07.2020 02:00;6935760
31.07.2020 03:00;6905204
31.07.2020 04:00;6999274
31.07.2020 05:00;7517989
31.07.2020 06:00;7971112
31.07.2020 07:00;8216918
31.07.2020 08:00;8351071
31.07.2020 09:00;8423353
31.07.2020 10:00;8390495
31.07.2020 11:00;8465017
31.07.2020 12:00;8393775
31.07.2020 13:00;8331453
31.07.2020 14:00;8264560
31.07.2020 15:00;8302823
31.07.2020 16:00;8244913
31.07.2020 17:00;8187223
31.07.2020 18:00;8181448
31.07.2020 19:00;8037215
31.07.2020 20:00;7836948
31.07.2020 21:00;7983793
31.07.2020 22:00;7832595
31.07.2020 23:00;7319113
01.08.2020 00:00;6997716
01.08.2020 01:00;6839024
01.08.2020 02:00;6860809
01.08.2020 03:00;6804076
01.08.2020 04:00;6756207
01.08.2020 05:00;6913626
01.08.2020 06:00;7106407
01.08.2020 07:00;7304999
01.08.2020 08:00;7464050
01.08.2020 09:00;7607417
01.08.2020 10:00;7670038
01.08.2020 11:00;7643484
01.08.2020 12:00;7618042
01.08.2020 13:00;7608820
01.08.2020 14:00;7614055
01.08.2020 15:00;7690837
01.08.2020 16:00;7787268
01.08.2020 17:00;7815338
01.08.2020 18:00;7894346
01.08.2020 19:00;7793034
01.08.2020 20:00;7521296
01.08.2020 21:00;7770091
01.08.2020 22:00;7650385
01.08.2020 23:00;7274317
02.08.2020 00:00;6945960
02.08.2020 01:00;6799662
02.08.2020 02:00;6751545
02.08.2020 03:00;6701372
02.08.2020 04:00;6585049
02.08.2020 05:00;6688071
02.08.2020 06:00;6858205
02.08.2020 07:00;7124183
02.08.2020 08:00;7301038
02.08.2020 09:00;7460699
02.08.2020 10:00;7554686
02.08.2020 11:00;7604949
02.08.2020 12:00;7661841
02.08.2020 13:00;7581271
02.08.2020 14:00;7610704
02.08.2020 15:00;7627630
02.08.2020 16:00;7704628
02.08.2020 17:00;7782813
02.08.2020 18:00;7839561
02.08.2020 19:00;7778988
02.08.2020 20:00;7568644
02.08.2020 21:00;7797226
02.08.2020 22:00;7685055
02.08.2020 23:00;7246203
03.08.2020 00:00;6954776
03.08.2020 01:00;6796900
03.08.2020 02:00;6767034
03.08.2020 03:00;6761187
03.08.2020 04:00;6846982
03.08.2020 05:00;7333306
03.08.2020 06:00;7871214
03.08.2020 07:00;8208154
03.08.2020 08:00;8396063
03.08.2020 09:00;8493925
03.08.2020 10:00;8544672
03.08.2020 11:00;8520631
03.08.2020 12:00;8503252
03.08.2020 13:00;8425250
03.08.2020 14:00;8335931
03.08.2020 15:00;8286217
03.08.2020 16:00;8176238
03.08.2020 17:00;8144855
03.08.2020 18:00;8172090
03.08.2020 19:00;8112189
03.08.2020 20:00;7915920
03.08.2020 21:00;8027161
03.08.2020 22:00;7823517
03.08.2020 23:00;7310145
04.08.2020 00:00;7012623
04.08.2020 01:00;6916028
04.08.2020 02:00;6894889
04.08.2020 03:00;6812857
04.08.2020 04:00;6928586
04.08.2020 05:00;7485163
04.08.2020 06:00;7984276
04.08.2020 07:00;8213417
04.08.2020 08:00;8404351
04.08.2020 09:00;8461272
04.08.2020 10:00;8558865
04.08.2020 11:00;8562541
04.08.2020 12:00;8515184
04.08.2020 13:00;8519244
04.08.2020 14:00;8456645
04.08.2020 15:00;8408322
04.08.2020 16:00;8412525
04.08.2020 17:00;8340639
04.08.2020 18:00;8407091
04.08.2020 19:00;8324835
04.08.2020 20:00;8021868
04.08.2020 21:00;8108201
04.08.2020 22:00;7937943
04.08.2020 23:00;7512270
05.08.2020 00:00;7205559
05.08.2020 01:00;7005023
05.08.2020 02:00;6960034
05.08.2020 03:00;6988189
05.08.2020 04:00;7016613
05.08.2020 05:00;7525907
05.08.2020 06:00;7941835
05.08.2020 07:00;8204252
05.08.2020 08:00;8426978
05.08.2020 09:00;8536211
05.08.2020 10:00;8605953
05.08.2020 11:00;8794940
05.08.2020 12:00;8738449
05.08.2020 13:00;8591389
05.08.2020 14:00;8575025
05.08.2020 15:00;8573359
05.08.2020 16:00;8485827
05.08.2020 17:00;8435016
05.08.2020 18:00;8568645
05.08.2020 19:00;8513698
05.08.2020 20:00;8201321
05.08.2020 21:00;8321819
05.08.2020 22:00;8036259
05.08.2020 23:00;7567489
06.08.2020 00:00;7238865
06.08.2020 01:00;7110724
06.08.2020 02:00;7106807
06.08.2020 03:00;7123024
06.08.2020 04:00;7188186
06.08.2020 05:00;7714922
06.08.2020 06:00;8187318
06.08.2020 07:00;8484604
06.08.2020 08:00;8671963
06.08.2020 09:00;8711065
06.08.2020 10:00;8782803
06.08.2020 11:00;8818158
06.08.2020 12:00;8765200
06.08.2020 13:00;8748180
06.08.2020 14:00;8647548
06.08.2020 15:00;8621343
06.08.2020 16:00;8586574
06.08.2020 17:00;8578354
06.08.2020 18:00;8599354
06.08.2020 19:00;8546271
06.08.2020 20:00;8238089
06.08.2020 21:00;8385826
06.08.2020 22:00;8170197
06.08.2020 23:00;7725947
07.08.2020 00:00;7383280
07.08.2020 01:00;7221585
07.08.2020 02:00;7231362
07.08.2020 03:00;7260479
07.08.2020 04:00;7278725
07.08.2020 05:00;7786694
07.08.2020 06:00;8283785
07.08.2020 07:00;8596105
07.08.2020 08:00;8765220
07.08.2020 09:00;8795451
07.08.2020 10:00;8833805
07.08.2020 11:00;8929259
07.08.2020 12:00;8881768
07.08.2020 13:00;8724144
07.08.2020 14:00;8662821
07.08.2020 15:00;8605252
07.08.2020 16:00;8588254
07.08.2020 17:00;8518165
07.08.2020 18:00;8463717
07.08.2020 19:00;8329475
07.08.2020 20:00;8024663
07.08.2020 21:00;8324894
07.08.2020 22:00;8136281
07.08.2020 23:00;7682659
08.08.2020 00:00;7351892
08.08.2020 01:00;7176685
08.08.2020 02:00;7072463
08.08.2020 03:00;7004692
08.08.2020 04:00;6902612
08.08.2020 05:00;7056121
08.08.2020 06:00;7283698
08.08.2020 07:00;7502840
08.08.2020 08:00;7758316
08.08.2020 09:00;7908693
08.08.2020 10:00;8010570
08.08.2020 11:00;8030482
08.08.2020 12:00;8023179
08.08.2020 13:00;8007260
08.08.2020 14:00;8034444
08.08.2020 15:00;8125243
08.08.2020 16:00;8168703
08.08.2020 17:00;8182446
08.08.2020 18:00;8207820
08.08.2020 19:00;8060816
08.08.2020 20:00;7749151
08.08.2020 21:00;8088204
08.08.2020 22:00;7924245
08.08.2020 23:00;7498658
09.08.2020 00:00;7168018
09.08.2020 01:00;7062557
09.08.2020 02:00;7034517
09.08.2020 03:00;6980438
09.08.2020 04:00;6701823
09.08.2020 05:00;6842087
09.08.2020 06:00;7050490
09.08.2020 07:00;7253431
09.08.2020 08:00;7494898
09.08.2020 09:00;7658405
09.08.2020 10:00;7872232
09.08.2020 11:00;7940415
09.08.2020 12:00;7946744
09.08.2020 13:00;7922448
09.08.2020 14:00;7960684
09.08.2020 15:00;8007969
09.08.2020 16:00;8039629
09.08.2020 17:00;8081266
09.08.2020 18:00;8190144
09.08.2020 19:00;8130926
09.08.2020 20:00;7927162
09.08.2020 21:00;8219490
09.08.2020 22:00;7993951
09.08.2020 23:00;7582106
10.08.2020 00:00;7297725
10.08.2020 01:00;7139828
10.08.2020 02:00;7142471
10.08.2020 03:00;7146052
10.08.2020 04:00;7237242
10.08.2020 05:00;7875791
10.08.2020 06:00;8441580
10.08.2020 07:00;8683164
10.08.2020 08:00;8817661
10.08.2020 09:00;8896387
10.08.2020 10:00;8959972
10.08.2020 11:00;8971068
10.08.2020 12:00;8905855
10.08.2020 13:00;8855229
10.08.2020 14:00;8777698
10.08.2020 15:00;8676562
10.08.2020 16:00;8637424
10.08.2020 17:00;8522495
10.08.2020 18:00;8633504
10.08.2020 19:00;8509439
10.08.2020 20:00;8248615
10.08.2020 21:00;8466428
10.08.2020 22:00;8148836
10.08.2020 23:00;7634543
11.08.2020 00:00;7331563
11.08.2020 01:00;7201649
11.08.2020 02:00;7139499
11.08.2020 03:00;7150652
11.08.2020 04:00;7181733
11.08.2020 05:00;7775924
11.08.2020 06:00;8318820
11.08.2020 07:00;8472803
11.08.2020 08:00;8587320
11.08.2020 09:00;8709242
11.08.2020 10:00;8776481
11.08.2020 11:00;8726729
11.08.2020 12:00;8605169
11.08.2020 13:00;8558538
11.08.2020 14:00;8563331
11.08.2020 15:00;8557497
11.08.2020 16:00;8580427
11.08.2020 17:00;8530617
11.08.2020 18:00;8492007
11.08.2020 19:00;8481667
11.08.2020 20:00;8248693
11.08.2020 21:00;8368070
11.08.2020 22:00;8049394
11.08.2020 23:00;7567638
12.08.2020 00:00;7276181
12.08.2020 01:00;7113108
12.08.2020 02:00;7055470
12.08.2020 03:00;7110111
12.08.2020 04:00;7210205
12.08.2020 05:00;7788242
12.08.2020 06:00;8303082
12.08.2020 07:00;8538336
12.08.2020 08:00;8689018
12.08.2020 09:00;8706170
12.08.2020 10:00;8781206
12.08.2020 11:00;8767280
12.08.2020 12:00;8694681
12.08.2020 13:00;8651617
12.08.2020 14:00;8594513
12.08.2020 15:00;8607647
12.08.2020 16:00;8587557
12.08.2020 17:00;8567384
12.08.2020 18:00;8616076
12.08.2020 19:00;8536919
12.08.2020 20:00;8182590
12.08.2020 21:00;8257490
12.08.2020 22:00;7926608
12.08.2020 23:00;7514729
13.08.2020 00:00;7176706
13.08.2020 01:00;6994884
13.08.2020 02:00;6992655
13.08.2020 03:00;6994535
13.08.2020 04:00;7096794
13.08.2020 05:00;7694000
13.08.2020 06:00;8244044
13.08.2020 07:00;8491490
13.08.2020 08:00;8621028
13.08.2020 09:00;8670385
13.08.2020 10:00;8752474
13.08.2020 11:00;8690829
13.08.2020 12:00;8643443
13.08.2020 13:00;8634187
13.08.2020 14:00;8537963
13.08.2020 15:00;8440100
13.08.2020 16:00;8393957
13.08.2020 17:00;8303421
13.08.2020 18:00;8380222
13.08.2020 19:00;8283848
13.08.2020 20:00;8116389
13.08.2020 21:00;8260912
13.08.2020 22:00;8023925
13.08.2020 23:00;7527924
14.08.2020 00:00;7280377
14.08.2020 01:00;7173126
14.08.2020 02:00;7124424
14.08.2020 03:00;7207585
14.08.2020 04:00;7357622
14.08.2020 05:00;7882469
14.08.2020 06:00;8490925
14.08.2020 07:00;8642719
14.08.2020 08:00;8658450
14.08.2020 09:00;8579940
14.08.2020 10:00;8717199
14.08.2020 11:00;8682148
14.08.2020 12:00;8617363
14.08.2020 13:00;8593296
14.08.2020 14:00;8555537
14.08.2020 15:00;8569568
14.08.2020 16:00;8564665
14.08.2020 17:00;8501564
14.08.2020 18:00;8440632
14.08.2020 19:00;8301814
14.08.2020 20:00;8137004
14.08.2020 21:00;8291804
14.08.2020 22:00;7982623
14.08.2020 23:00;7476046
15.08.2020 00:00;7164705
15.08.2020 01:00;6996134
15.08.2020 02:00;6952847
15.08.2020 03:00;6954710
15.08.2020 04:00;6846618
15.08.2020 05:00;6950927
15.08.2020 06:00;7097087
15.08.2020 07:00;7242866
15.08.2020 08:00;7466657
15.08.2020 09:00;7615780
15.08.2020 10:00;7698849
15.08.2020 11:00;7712823
15.08.2020 12:00;7779275
15.08.2020 13:00;7781733
15.08.2020 14:00;7775529
15.08.2020 15:00;7876283
15.08.2020 16:00;7929093
15.08.2020 17:00;7928051
15.08.2020 18:00;7859256
15.08.2020 19:00;7815544
15.08.2020 20:00;7653006
15.08.2020 21:00;7908756
15.08.2020 22:00;7729849
15.08.2020 23:00;7299183
16.08.2020 00:00;6962603
16.08.2020 01:00;6781801
16.08.2020 02:00;6743366
16.08.2020 03:00;6785088
16.08.2020 04:00;6637225
16.08.2020 05:00;6601698
16.08.2020 06:00;6772415
16.08.2020 07:00;7000888
16.08.2020 08:00;7232545
16.08.2020 09:00;7458821
16.08.2020 10:00;7591206
16.08.2020 11:00;7547495
16.08.2020 12:00;7510884
16.08.2020 13:00;7511452
16.08.2020 14:00;7526322
16.08.2020 15:00;7611846
16.08.2020 16:00;7610040
16.08.2020 17:00;7702207
16.08.2020 18:00;7810164
16.08.2020 19:00;7704842
16.08.2020 20:00;7578627
16.08.2020 21:00;7891571
16.08.2020 22:00;7698780
16.08.2020 23:00;7302645
17.08.2020 00:00;6980717
17.08.2020 01:00;6844675
17.08.2020 02:00;6847572
17.08.2020 03:00;6937124
17.08.2020 04:00;7021910
17.08.2020 05:00;7717707
17.08.2020 06:00;8278899
17.08.2020 07:00;8460326
17.08.2020 08:00;8589213
17.08.2020 09:00;8629602
17.08.2020 10:00;8648356
17.08.2020 11:00;8642803
17.08.2020 12:00;8596781
17.08.2020 13:00;8503175
17.08.2020 14:00;8429358
17.08.2020 15:00;8333749
17.08.2020 16:00;8297603
17.08.2020 17:00;8238889
17.08.2020 18:00;8335761
17.08.2020 19:00;8200997
17.08.2020 20:00;8040691
17.08.2020 21:00;8102059
17.08.2020 22:00;7738594
17.08.2020 23:00;7392030
18.08.2020 00:00;7090259
18.08.2020 01:00;6987624
18.08.2020 02:00;6940763
18.08.2020 03:00;7027701
18.08.2020 04:00;7138564
18.08.2020 05:00;7717429
18.08.2020 06:00;8229410
18.08.2020 07:00;8464030
18.08.2020 08:00;8470730
18.08.2020 09:00;8453461
18.08.2020 10:00;8548064
18.08.2020 11:00;8526291
18.08.2020 12:00;8476940
18.08.2020 13:00;8362666
18.08.2020 14:00;8374862
18.08.2020 15:00;8400753
18.08.2020 16:00;8320441
18.08.2020 17:00;8231081
18.08.2020 18:00;8306604
18.08.2020 19:00;8293890
18.08.2020 20:00;8063666
18.08.2020 21:00;8138155
18.08.2020 22:00;7737383
18.08.2020 23:00;7373177
19.08.2020 00:00;7063943
19.08.2020 01:00;6929751
19.08.2020 02:00;6871653
19.08.2020 03:00;6952640
19.08.2020 04:00;7049557
19.08.2020 05:00;7662621
19.08.2020 06:00;8222081
19.08.2020 07:00;8530436
19.08.2020 08:00;8553255
19.08.2020 09:00;8624139
19.08.2020 10:00;8664384
19.08.2020 11:00;8688342
19.08.2020 12:00;8609341
19.08.2020 13:00;8584518
19.08.2020 14:00;8528598
19.08.2020 15:00;8466337
19.08.2020 16:00;8340906
19.08.2020 17:00;8261677
19.08.2020 18:00;8301660
19.08.2020 19:00;8266679
19.08.2020 20:00;8077030
19.08.2020 21:00;8103662
19.08.2020 22:00;7765913
19.08.2020 23:00;7301429
20.08.2020 00:00;6969645
20.08.2020 01:00;6864860
20.08.2020 02:00;6830912
20.08.2020 03:00;6856027
20.08.2020 04:00;6938140
20.08.2020 05:00;7549509
20.08.2020 06:00;8086422
20.08.2020 07:00;8411634
20.08.2020 08:00;8523728
20.08.2020 09:00;8642999
20.08.2020 10:00;8665262
20.08.2020 11:00;8695698
20.08.2020 12:00;8549626
20.08.2020 13:00;8527644
20.08.2020 14:00;8495910
20.08.2020 15:00;8485654
20.08.2020 16:00;8363770
20.08.2020 17:00;8286730
20.08.2020 18:00;8287519
20.08.2020 19:00;8178708
20.08.2020 20:00;8115265
20.08.2020 21:00;8176595
20.08.2020 22:00;7832261
20.08.2020 23:00;7357114
21.08.2020 00:00;7039113
21.08.2020 01:00;6888102
21.08.2020 02:00;6843582
21.08.2020 03:00;7024630
21.08.2020 04:00;7077079
21.08.2020 05:00;7719609
21.08.2020 06:00;8338425
21.08.2020 07:00;8653832
21.08.2020 08:00;8818754
21.08.2020 09:00;8793719
21.08.2020 10:00;8896709
21.08.2020 11:00;8887262
21.08.2020 12:00;8862753
21.08.2020 13:00;8757947
21.08.2020 14:00;8676338
21.08.2020 15:00;8605090
21.08.2020 16:00;8547323
21.08.2020 17:00;8467198
21.08.2020 18:00;8384781
21.08.2020 19:00;8301257
21.08.2020 20:00;8145185
21.08.2020 21:00;8215467
21.08.2020 22:00;7851284
21.08.2020 23:00;7327322
22.08.2020 00:00;7039153
22.08.2020 01:00;6894468
22.08.2020 02:00;6825693
22.08.2020 03:00;6879653
22.08.2020 04:00;6839212
22.08.2020 05:00;6891410
22.08.2020 06:00;7132137
22.08.2020 07:00;7471322
22.08.2020 08:00;7690981
22.08.2020 09:00;7944398
22.08.2020 10:00;8064209
22.08.2020 11:00;8131525
22.08.2020 12:00;8068424
22.08.2020 13:00;8036085
22.08.2020 14:00;8080815
22.08.2020 15:00;8151557
22.08.2020 16:00;8271088
22.08.2020 17:00;8381939
22.08.2020 18:00;8418131
22.08.2020 19:00;8329947
22.08.2020 20:00;8064328
22.08.2020 21:00;8041155
22.08.2020 22:00;7780209
22.08.2020 23:00;7300119
23.08.2020 00:00;6978100
23.08.2020 01:00;6784582
23.08.2020 02:00;6753162
23.08.2020 03:00;6764122
23.08.2020 04:00;6755493
23.08.2020 05:00;6615663
23.08.2020 06:00;6811836
23.08.2020 07:00;7093167
23.08.2020 08:00;7345195
23.08.2020 09:00;7577273
23.08.2020 10:00;7718471
23.08.2020 11:00;7710428
23.08.2020 12:00;7600063
23.08.2020 13:00;7556012
23.08.2020 14:00;7582350
23.08.2020 15:00;7709510
23.08.2020 16:00;7768603
23.08.2020 17:00;7838718
23.08.2020 18:00;7933023
23.08.2020 19:00;7893917
23.08.2020 20:00;7849635
23.08.2020 21:00;7954425
23.08.2020 22:00;7668997
23.08.2020 23:00;7228202
24.08.2020 00:00;6936952
24.08.2020 01:00;6857931
24.08.2020 02:00;6828370
24.08.2020 03:00;6900062
24.08.2020 04:00;7007354
24.08.2020 05:00;7566568
24.08.2020 06:00;8157497
24.08.2020 07:00;8455651
24.08.2020 08:00;8520460
24.08.2020 09:00;8558469
24.08.2020 10:00;8616188
24.08.2020 11:00;8573954
24.08.2020 12:00;8515962
24.08.2020 13:00;8457663
24.08.2020 14:00;8353957
24.08.2020 15:00;8268656
24.08.2020 16:00;8225235
24.08.2020 17:00;8141004
24.08.2020 18:00;8234005
24.08.2020 19:00;8166511
24.08.2020 20:00;8057588
24.08.2020 21:00;8060080
24.08.2020 22:00;7752363
24.08.2020 23:00;7342371
25.08.2020 00:00;7096353
25.08.2020 01:00;7001850
25.08.2020 02:00;7014789
25.08.2020 03:00;7093420
25.08.2020 04:00;7274172
25.08.2020 05:00;7739072
25.08.2020 06:00;8241543
25.08.2020 07:00;8503977
25.08.2020 08:00;8586568
25.08.2020 09:00;8598839
25.08.2020 10:00;8684606
25.08.2020 11:00;8646186
25.08.2020 12:00;8581959
25.08.2020 13:00;8514647
25.08.2020 14:00;8409317
25.08.2020 15:00;8391052
25.08.2020 16:00;8345889
25.08.2020 17:00;8286995
25.08.2020 18:00;8419158
25.08.2020 19:00;8334860
25.08.2020 20:00;8203364
25.08.2020 21:00;8114732
25.08.2020 22:00;7849220
25.08.2020 23:00;7426106
26.08.2020 00:00;7123737
26.08.2020 01:00;7041013
26.08.2020 02:00;7021583
26.08.2020 03:00;7118424
26.08.2020 04:00;7303946
26.08.2020 05:00;7796868
26.08.2020 06:00;8237561
26.08.2020 07:00;8506109
26.08.2020 08:00;8510235
26.08.2020 09:00;8550568
26.08.2020 10:00;8688808
26.08.2020 11:00;8667091
26.08.2020 12:00;8582843
26.08.2020 13:00;8535632
26.08.2020 14:00;8497955
26.08.2020 15:00;8517414
26.08.2020 16:00;8509017
26.08.2020 17:00;8562884
26.08.2020 18:00;8648113
26.08.2020 19:00;8620816
26.08.2020 20:00;8515683
26.08.2020 21:00;8424676
26.08.2020 22:00;8069711
26.08.2020 23:00;7616689
27.08.2020 00:00;7352852
27.08.2020 01:00;7243959
27.08.2020 02:00;7231901
27.08.2020 03:00;7340478
27.08.2020 04:00;7584485
27.08.2020 05:00;8135008
27.08.2020 06:00;8675727
27.08.2020 07:00;8909863
27.08.2020 08:00;8934536
27.08.2020 09:00;8935387
27.08.2020 10:00;8908601
27.08.2020 11:00;8898969
27.08.2020 12:00;8788189
27.08.2020 13:00;8657270
27.08.2020 14:00;8634253
27.08.2020 15:00;8620503
27.08.2020 16:00;8583897
27.08.2020 17:00;8505064
27.08.2020 18:00;8569036
27.08.2020 19:00;8520462
27.08.2020 20:00;8542598
27.08.2020 21:00;8515302
27.08.2020 22:00;8218042
27.08.2020 23:00;7692421
28.08.2020 00:00;7422061
28.08.2020 01:00;7245688
28.08.2020 02:00;7169689
28.08.2020 03:00;7310323
28.08.2020 04:00;7530365
28.08.2020 05:00;8121893
28.08.2020 06:00;8629632
28.08.2020 07:00;8916204
28.08.2020 08:00;8921225
28.08.2020 09:00;8889108
28.08.2020 10:00;8842272
28.08.2020 11:00;8766375
28.08.2020 12:00;8656038
28.08.2020 13:00;8615026
28.08.2020 14:00;8561688
28.08.2020 15:00;8550538
28.08.2020 16:00;8530523
28.08.2020 17:00;8561827
28.08.2020 18:00;8610631
28.08.2020 19:00;8605890
28.08.2020 20:00;8555963
28.08.2020 21:00;8528228
28.08.2020 22:00;8191446
28.08.2020 23:00;7698698
29.08.2020 00:00;7384024
29.08.2020 01:00;7213244
29.08.2020 02:00;7213991
29.08.2020 03:00;7235598
29.08.2020 04:00;7293357
29.08.2020 05:00;7354748
29.08.2020 06:00;7519882
29.08.2020 07:00;7757518
29.08.2020 08:00;7906519
29.08.2020 09:00;8007527
29.08.2020 10:00;8004787
29.08.2020 11:00;8025430
29.08.2020 12:00;7977543
29.08.2020 13:00;7872013
29.08.2020 14:00;7909082
29.08.2020 15:00;7967650
29.08.2020 16:00;8105498
29.08.2020 17:00;8261003
29.08.2020 18:00;8347943
29.08.2020 19:00;8282126
29.08.2020 20:00;8150814
29.08.2020 21:00;8121966
29.08.2020 22:00;7868525
29.08.2020 23:00;7471976
30.08.2020 00:00;7165944
30.08.2020 01:00;7022784
30.08.2020 02:00;6974453
30.08.2020 03:00;6973143
30.08.2020 04:00;7012276
30.08.2020 05:00;6969617
30.08.2020 06:00;7078928
30.08.2020 07:00;7342647
30.08.2020 08:00;7536641
30.08.2020 09:00;7695225
30.08.2020 10:00;7746233
30.08.2020 11:00;7795199
30.08.2020 12:00;7780358
30.08.2020 13:00;7772317
30.08.2020 14:00;7775247
30.08.2020 15:00;7837999
30.08.2020 16:00;7890270
30.08.2020 17:00;8057959
30.08.2020 18:00;8189954
30.08.2020 19:00;8155528
30.08.2020 20:00;7960005
30.08.2020 21:00;8000749
30.08.2020 22:00;7787040
30.08.2020 23:00;7367157
31.08.2020 00:00;7066331
31.08.2020 01:00;6900686
31.08.2020 02:00;6853604
31.08.2020 03:00;6959166
31.08.2020 04:00;7252182
31.08.2020 05:00;7853358
31.08.2020 06:00;8382900
31.08.2020 07:00;8703706
31.08.2020 08:00;8809648
31.08.2020 09:00;8741293
31.08.2020 10:00;8806561
31.08.2020 11:00;8795978
31.08.2020 12:00;8651670
31.08.2020 13:00;8637336
31.08.2020 14:00;8533410
31.08.2020 15:00;8507102
31.08.2020 16:00;8467969
31.08.2020 17:00;8420587
31.08.2020 18:00;8443932
31.08.2020 19:00;8411592
31.08.2020 20:00;8333889
31.08.2020 21:00;8292006
31.08.2020 22:00;7935701
31.08.2020 23:00;7425109
01.09.2020 00:00;7211261
01.09.2020 01:00;7093270
01.09.2020 02:00;7048433
01.09.2020 03:00;7046353
01.09.2020 04:00;7343950
01.09.2020 05:00;7901607
01.09.2020 06:00;8420600
01.09.2020 07:00;8688952
01.09.2020 08:00;8715638
01.09.2020 09:00;8681481
01.09.2020 10:00;8733139
01.09.2020 11:00;8690830
01.09.2020 12:00;8619307
01.09.2020 13:00;8517712
01.09.2020 14:00;8362316
01.09.2020 15:00;8382080
01.09.2020 16:00;8395970
01.09.2020 17:00;8335628
01.09.2020 18:00;8497781
01.09.2020 19:00;8458002
01.09.2020 20:00;8325399
01.09.2020 21:00;8294753
01.09.2020 22:00;7971065
01.09.2020 23:00;7540629
02.09.2020 00:00;7206943
02.09.2020 01:00;7138500
02.09.2020 02:00;7189659
02.09.2020 03:00;7335781
02.09.2020 04:00;7579186
02.09.2020 05:00;8074860
02.09.2020 06:00;8583620
02.09.2020 07:00;8863066
02.09.2020 08:00;8786621
02.09.2020 09:00;8739606
02.09.2020 10:00;8720906
02.09.2020 11:00;8685619
02.09.2020 12:00;8591886
02.09.2020 13:00;8497277
02.09.2020 14:00;8440802
02.09.2020 15:00;8489386
02.09.2020 16:00;8490488
02.09.2020 17:00;8560053
02.09.2020 18:00;8684195
02.09.2020 19:00;8705232
02.09.2020 20:00;8538724
02.09.2020 21:00;8402510
02.09.2020 22:00;8082856
02.09.2020 23:00;7614777
03.09.2020 00:00;7282840
03.09.2020 01:00;7078153
03.09.2020 02:00;7070809
03.09.2020 03:00;7104537
03.09.2020 04:00;7396935
03.09.2020 05:00;7922658
03.09.2020 06:00;8400789
03.09.2020 07:00;8694756
03.09.2020 08:00;8790384
03.09.2020 09:00;8893829
03.09.2020 10:00;8913530
03.09.2020 11:00;8826586
03.09.2020 12:00;8724590
03.09.2020 13:00;8626400
03.09.2020 14:00;8641928
03.09.2020 15:00;8628485
03.09.2020 16:00;8614107
03.09.2020 17:00;8615855
03.09.2020 18:00;8668307
03.09.2020 19:00;8755689
03.09.2020 20:00;8361282
03.09.2020 21:00;8123063
03.09.2020 22:00;7879276
03.09.2020 23:00;7417749
04.09.2020 00:00;7100799
04.09.2020 01:00;6956392
04.09.2020 02:00;6915651
04.09.2020 03:00;6991582
04.09.2020 04:00;7348680
04.09.2020 05:00;7884361
04.09.2020 06:00;8405375
04.09.2020 07:00;8755382
04.09.2020 08:00;8961275
04.09.2020 09:00;8938577
04.09.2020 10:00;9007076
04.09.2020 11:00;8949578
04.09.2020 12:00;8796895
04.09.2020 13:00;8719480
04.09.2020 14:00;8660454
04.09.2020 15:00;8641646
04.09.2020 16:00;8616192
04.09.2020 17:00;8622160
04.09.2020 18:00;8718390
04.09.2020 19:00;8732975
04.09.2020 20:00;8412464
04.09.2020 21:00;8233133
04.09.2020 22:00;7939746
04.09.2020 23:00;7514917
05.09.2020 00:00;7149244
05.09.2020 01:00;6998228
05.09.2020 02:00;6931963
05.09.2020 03:00;6948616
05.09.2020 04:00;7047082
05.09.2020 05:00;7077398
05.09.2020 06:00;7231248
05.09.2020 07:00;7493880
05.09.2020 08:00;7720862
05.09.2020 09:00;7903124
05.09.2020 10:00;7995833
05.09.2020 11:00;7947565
05.09.2020 12:00;7866866
05.09.2020 13:00;7866365
05.09.2020 14:00;7900876
05.09.2020 15:00;8017840
05.09.2020 16:00;8152772
05.09.2020 17:00;8295399
05.09.2020 18:00;8362013
05.09.2020 19:00;8328564
05.09.2020 20:00;8120239
05.09.2020 21:00;8035520
05.09.2020 22:00;7716774
05.09.2020 23:00;7274896
06.09.2020 00:00;6964497
06.09.2020 01:00;6751560
06.09.2020 02:00;6779483
06.09.2020 03:00;6815879
06.09.2020 04:00;6916508
06.09.2020 05:00;6868365
06.09.2020 06:00;6997557
06.09.2020 07:00;7243023
06.09.2020 08:00;7456587
06.09.2020 09:00;7564137
06.09.2020 10:00;7707419
06.09.2020 11:00;7708027
06.09.2020 12:00;7704339
06.09.2020 13:00;7695201
06.09.2020 14:00;7731577
06.09.2020 15:00;7720680
06.09.2020 16:00;7821374
06.09.2020 17:00;7991559
06.09.2020 18:00;8072604
06.09.2020 19:00;8190850
06.09.2020 20:00;8021344
06.09.2020 21:00;7997925
06.09.2020 22:00;7782351
06.09.2020 23:00;7386801
07.09.2020 00:00;7119515
07.09.2020 01:00;6985536
07.09.2020 02:00;6975134
07.09.2020 03:00;7134666
07.09.2020 04:00;7442995
07.09.2020 05:00;8003540
07.09.2020 06:00;8593654
07.09.2020 07:00;8855247
07.09.2020 08:00;8914211
07.09.2020 09:00;8922387
07.09.2020 10:00;8957221
07.09.2020 11:00;8859775
07.09.2020 12:00;8812257
07.09.2020 13:00;8722499
07.09.2020 14:00;8637524
07.09.2020 15:00;8552140
07.09.2020 16:00;8504392
07.09.2020 17:00;8532201
07.09.2020 18:00;8619315
07.09.2020 19:00;8777226
07.09.2020 20:00;8549655
07.09.2020 21:00;8442083
07.09.2020 22:00;8105414
07.09.2020 23:00;7667506
08.09.2020 00:00;7368000
08.09.2020 01:00;7271976
08.09.2020 02:00;7273133
08.09.2020 03:00;7346225
08.09.2020 04:00;7676015
08.09.2020 05:00;8272657
08.09.2020 06:00;8710310
08.09.2020 07:00;8958309
08.09.2020 08:00;9034065
08.09.2020 09:00;9069463
08.09.2020 10:00;9179474
08.09.2020 11:00;9166735
08.09.2020 12:00;9080219
08.09.2020 13:00;8982081
08.09.2020 14:00;8895143
08.09.2020 15:00;8842416
08.09.2020 16:00;8875607
08.09.2020 17:00;8893494
08.09.2020 18:00;8969153
08.09.2020 19:00;9051925
08.09.2020 20:00;8718519
08.09.2020 21:00;8549272
08.09.2020 22:00;8249451
08.09.2020 23:00;7766783
09.09.2020 00:00;7426921
09.09.2020 01:00;7279740
09.09.2020 02:00;7245681
09.09.2020 03:00;7360156
09.09.2020 04:00;7691195
09.09.2020 05:00;8219152
09.09.2020 06:00;8675897
09.09.2020 07:00;8993389
09.09.2020 08:00;9032231
09.09.2020 09:00;8934993
09.09.2020 10:00;9035158
09.09.2020 11:00;9004254
09.09.2020 12:00;8913107
09.09.2020 13:00;8817383
09.09.2020 14:00;8808668
09.09.2020 15:00;8719100
09.09.2020 16:00;8789071
09.09.2020 17:00;8889689
09.09.2020 18:00;9019357
09.09.2020 19:00;9173150
09.09.2020 20:00;8776523
09.09.2020 21:00;8558336
09.09.2020 22:00;8273940
09.09.2020 23:00;7775654
10.09.2020 00:00;7480421
10.09.2020 01:00;7348696
10.09.2020 02:00;7385921
10.09.2020 03:00;7535607
10.09.2020 04:00;7865300
10.09.2020 05:00;8532480
10.09.2020 06:00;8967703
10.09.2020 07:00;9336708
10.09.2020 08:00;9442591
10.09.2020 09:00;9436059
10.09.2020 10:00;9442458
10.09.2020 11:00;9400565
10.09.2020 12:00;9317534
10.09.2020 13:00;9127616
10.09.2020 14:00;9114499
10.09.2020 15:00;9106729
10.09.2020 16:00;9141961
10.09.2020 17:00;9144165
10.09.2020 18:00;9250628
10.09.2020 19:00;9385382
10.09.2020 20:00;9121811
10.09.2020 21:00;9010282
10.09.2020 22:00;8738642
10.09.2020 23:00;8238496
11.09.2020 00:00;7919380
11.09.2020 01:00;7804913
11.09.2020 02:00;7777558
11.09.2020 03:00;7873535
11.09.2020 04:00;8236914
11.09.2020 05:00;8756844
11.09.2020 06:00;9081873
11.09.2020 07:00;9326497
11.09.2020 08:00;9387425
11.09.2020 09:00;9276325
11.09.2020 10:00;9198911
11.09.2020 11:00;9206026
11.09.2020 12:00;9110081
11.09.2020 13:00;8972285
11.09.2020 14:00;8926037
11.09.2020 15:00;8911635
11.09.2020 16:00;8964813
11.09.2020 17:00;9040858
11.09.2020 18:00;9214518
11.09.2020 19:00;9390645
11.09.2020 20:00;9130820
11.09.2020 21:00;8948704
11.09.2020 22:00;8655562
11.09.2020 23:00;8133873
12.09.2020 00:00;7750490
12.09.2020 01:00;7545078
12.09.2020 02:00;7484850
12.09.2020 03:00;7503073
12.09.2020 04:00;7629464
12.09.2020 05:00;7760149
12.09.2020 06:00;7732481
12.09.2020 07:00;8037182
12.09.2020 08:00;8356905
12.09.2020 09:00;8570707
12.09.2020 10:00;8604008
12.09.2020 11:00;8583179
12.09.2020 12:00;8505745
12.09.2020 13:00;8501625
12.09.2020 14:00;8581378
12.09.2020 15:00;8751805
12.09.2020 16:00;8875829
12.09.2020 17:00;8979996
12.09.2020 18:00;9057889
12.09.2020 19:00;9035474
12.09.2020 20:00;8573566
12.09.2020 21:00;8467102
12.09.2020 22:00;8225704
12.09.2020 23:00;7804967
13.09.2020 00:00;7423158
13.09.2020 01:00;7310440
13.09.2020 02:00;7273329
13.09.2020 03:00;7281953
13.09.2020 04:00;7333513
13.09.2020 05:00;7403908
13.09.2020 06:00;7370765
13.09.2020 07:00;7589117
13.09.2020 08:00;7838750
13.09.2020 09:00;7957812
13.09.2020 10:00;8011886
13.09.2020 11:00;7958408
13.09.2020 12:00;7855725
13.09.2020 13:00;7877138
13.09.2020 14:00;7813699
13.09.2020 15:00;7849940
13.09.2020 16:00;7954866
13.09.2020 17:00;8127091
13.09.2020 18:00;8331447
13.09.2020 19:00;8557610
13.09.2020 20:00;8243825
13.09.2020 21:00;8270314
13.09.2020 22:00;8081870
13.09.2020 23:00;7655643
14.09.2020 00:00;7376103
14.09.2020 01:00;7228533
14.09.2020 02:00;7217628
14.09.2020 03:00;7339443
14.09.2020 04:00;7666685
14.09.2020 05:00;8380488
14.09.2020 06:00;8770395
14.09.2020 07:00;9027629
14.09.2020 08:00;9031531
14.09.2020 09:00;8925747
14.09.2020 10:00;8947638
14.09.2020 11:00;8877381
14.09.2020 12:00;8755865
14.09.2020 13:00;8729105
14.09.2020 14:00;8722902
14.09.2020 15:00;8725960
14.09.2020 16:00;8676144
14.09.2020 17:00;8652399
14.09.2020 18:00;8908946
14.09.2020 19:00;9219888
14.09.2020 20:00;8724450
14.09.2020 21:00;8555852
14.09.2020 22:00;8242632
14.09.2020 23:00;7812574
15.09.2020 00:00;7503663
15.09.2020 01:00;7359523
15.09.2020 02:00;7350897
15.09.2020 03:00;7494451
15.09.2020 04:00;7813028
15.09.2020 05:00;8438347
15.09.2020 06:00;8784527
15.09.2020 07:00;8923463
15.09.2020 08:00;9016837
15.09.2020 09:00;8961484
15.09.2020 10:00;8885839
15.09.2020 11:00;8774622
15.09.2020 12:00;8672555
15.09.2020 13:00;8679353
15.09.2020 14:00;8590025
15.09.2020 15:00;8517530
15.09.2020 16:00;8630295
15.09.2020 17:00;8604308
15.09.2020 18:00;8772714
15.09.2020 19:00;8972250
15.09.2020 20:00;8470805
15.09.2020 21:00;8383569
15.09.2020 22:00;8108819
15.09.2020 23:00;7644878
16.09.2020 00:00;7256694
16.09.2020 01:00;7117814
16.09.2020 02:00;7161518
16.09.2020 03:00;7224269
16.09.2020 04:00;7545578
16.09.2020 05:00;8257022
16.09.2020 06:00;8656739
16.09.2020 07:00;8904052
16.09.2020 08:00;9065315
16.09.2020 09:00;9144995
16.09.2020 10:00;9125571
16.09.2020 11:00;9160930
16.09.2020 12:00;9093924
16.09.2020 13:00;9082282
16.09.2020 14:00;9020606
16.09.2020 15:00;8962894
16.09.2020 16:00;8928934
16.09.2020 17:00;9010467
16.09.2020 18:00;9339769
16.09.2020 19:00;9433911
16.09.2020 20:00;8737104
16.09.2020 21:00;8625244
16.09.2020 22:00;8285850
16.09.2020 23:00;7842648
17.09.2020 00:00;7491271
17.09.2020 01:00;7304625
17.09.2020 02:00;7319597
17.09.2020 03:00;7352141
17.09.2020 04:00;7709831
17.09.2020 05:00;8468933
17.09.2020 06:00;8845809
17.09.2020 07:00;9131888
17.09.2020 08:00;9206607
17.09.2020 09:00;9275600
17.09.2020 10:00;9384899
17.09.2020 11:00;9366259
17.09.2020 12:00;9235694
17.09.2020 13:00;9156756
17.09.2020 14:00;9036397
17.09.2020 15:00;9006425
17.09.2020 16:00;8970676
17.09.2020 17:00;9026203
17.09.2020 18:00;9314849
17.09.2020 19:00;9505804
17.09.2020 20:00;8909163
17.09.2020 21:00;8802586
17.09.2020 22:00;8507163
17.09.2020 23:00;8059478
18.09.2020 00:00;7749677
18.09.2020 01:00;7668044
18.09.2020 02:00;7637759
18.09.2020 03:00;7802060
18.09.2020 04:00;8108808
18.09.2020 05:00;8791158
18.09.2020 06:00;9214703
18.09.2020 07:00;9485174
18.09.2020 08:00;9576732
18.09.2020 09:00;9464379
18.09.2020 10:00;9443222
18.09.2020 11:00;9338959
18.09.2020 12:00;9198192
18.09.2020 13:00;8927086
18.09.2020 14:00;8783266
18.09.2020 15:00;8786958
18.09.2020 16:00;8886043
18.09.2020 17:00;8910106
18.09.2020 18:00;9211948
18.09.2020 19:00;9385149
18.09.2020 20:00;8783668
18.09.2020 21:00;8632486
18.09.2020 22:00;8289724
18.09.2020 23:00;7817237
19.09.2020 00:00;7490318
19.09.2020 01:00;7313385
19.09.2020 02:00;7336847
19.09.2020 03:00;7388017
19.09.2020 04:00;7498833
19.09.2020 05:00;7680986
19.09.2020 06:00;7711142
19.09.2020 07:00;7918607
19.09.2020 08:00;8097900
19.09.2020 09:00;8162431
19.09.2020 10:00;8140964
19.09.2020 11:00;8077591
19.09.2020 12:00;8015700
19.09.2020 13:00;8016700
19.09.2020 14:00;8007459
19.09.2020 15:00;8043848
19.09.2020 16:00;8246013
19.09.2020 17:00;8371557
19.09.2020 18:00;8626737
19.09.2020 19:00;8798266
19.09.2020 20:00;8365068
19.09.2020 21:00;8295771
19.09.2020 22:00;8149855
19.09.2020 23:00;7615182
20.09.2020 00:00;7282229
20.09.2020 01:00;7159565
20.09.2020 02:00;7139337
20.09.2020 03:00;7240044
20.09.2020 04:00;7372742
20.09.2020 05:00;7498133
20.09.2020 06:00;7394136
20.09.2020 07:00;7559174
20.09.2020 08:00;7813000
20.09.2020 09:00;7947892
20.09.2020 10:00;7942699
20.09.2020 11:00;7887527
20.09.2020 12:00;7784733
20.09.2020 13:00;7755412
20.09.2020 14:00;7813925
20.09.2020 15:00;7883141
20.09.2020 16:00;8025527
20.09.2020 17:00;8159373
20.09.2020 18:00;8424490
20.09.2020 19:00;8471680
20.09.2020 20:00;8026070
20.09.2020 21:00;7992133
20.09.2020 22:00;7754496
20.09.2020 23:00;7481562
21.09.2020 00:00;7171700
21.09.2020 01:00;7037783
21.09.2020 02:00;7055494
21.09.2020 03:00;7204436
21.09.2020 04:00;7562986
21.09.2020 05:00;8313932
21.09.2020 06:00;8709285
21.09.2020 07:00;8917434
21.09.2020 08:00;9036636
21.09.2020 09:00;9047769
21.09.2020 10:00;9062717
21.09.2020 11:00;9121794
21.09.2020 12:00;9031854
21.09.2020 13:00;8997198
21.09.2020 14:00;8812126
21.09.2020 15:00;8767758
21.09.2020 16:00;8797883
21.09.2020 17:00;8758467
21.09.2020 18:00;9136692
21.09.2020 19:00;9207601
21.09.2020 20:00;8550910
21.09.2020 21:00;8363727
21.09.2020 22:00;8056959
21.09.2020 23:00;7497060
22.09.2020 00:00;7162197
22.09.2020 01:00;7041296
22.09.2020 02:00;6997476
22.09.2020 03:00;7096487
22.09.2020 04:00;7470212
22.09.2020 05:00;8270757
22.09.2020 06:00;8573687
22.09.2020 07:00;8825277
22.09.2020 08:00;8857597
22.09.2020 09:00;8918137
22.09.2020 10:00;8934803
22.09.2020 11:00;8857799
22.09.2020 12:00;8733723
22.09.2020 13:00;8563738
22.09.2020 14:00;8539653
22.09.2020 15:00;8502622
22.09.2020 16:00;8554177
22.09.2020 17:00;8575248
22.09.2020 18:00;9005166
22.09.2020 19:00;9189723
22.09.2020 20:00;8597824
22.09.2020 21:00;8413310
22.09.2020 22:00;8121083
22.09.2020 23:00;7730316
23.09.2020 00:00;7407380
23.09.2020 01:00;7285201
23.09.2020 02:00;7257325
23.09.2020 03:00;7384338
23.09.2020 04:00;7663257
23.09.2020 05:00;8479566
23.09.2020 06:00;8759321
23.09.2020 07:00;9027037
23.09.2020 08:00;9164910
23.09.2020 09:00;9127020
23.09.2020 10:00;9061844
23.09.2020 11:00;9004260
23.09.2020 12:00;8863997
23.09.2020 13:00;8725090
23.09.2020 14:00;8712088
23.09.2020 15:00;8691592
23.09.2020 16:00;8750545
23.09.2020 17:00;8794666
23.09.2020 18:00;9174221
23.09.2020 19:00;9194388
23.09.2020 20:00;8594966
23.09.2020 21:00;8435092
23.09.2020 22:00;8099136
23.09.2020 23:00;7636988
24.09.2020 00:00;7331079
24.09.2020 01:00;7174299
24.09.2020 02:00;7136014
24.09.2020 03:00;7236274
24.09.2020 04:00;7590044
24.09.2020 05:00;8208995
24.09.2020 06:00;8612185
24.09.2020 07:00;8746079
24.09.2020 08:00;8881908
24.09.2020 09:00;8860181
24.09.2020 10:00;8885354
24.09.2020 11:00;8822052
24.09.2020 12:00;8720076
24.09.2020 13:00;8639517
24.09.2020 14:00;8563520
24.09.2020 15:00;8570141
24.09.2020 16:00;8607336
24.09.2020 17:00;8545054
24.09.2020 18:00;8993896
24.09.2020 19:00;8988742
24.09.2020 20:00;8422748
24.09.2020 21:00;8290753
24.09.2020 22:00;7974441
24.09.2020 23:00;7483913
25.09.2020 00:00;7179622
25.09.2020 01:00;7036853
25.09.2020 02:00;7025098
25.09.2020 03:00;7133509
25.09.2020 04:00;7465433
25.09.2020 05:00;8180184
25.09.2020 06:00;8539668
25.09.2020 07:00;8760084
25.09.2020 08:00;8977033
25.09.2020 09:00;8888533
25.09.2020 10:00;8888795
25.09.2020 11:00;8820343
25.09.2020 12:00;8679371
25.09.2020 13:00;8541524
25.09.2020 14:00;8479044
25.09.2020 15:00;8462202
25.09.2020 16:00;8541874
25.09.2020 17:00;8576146
25.09.2020 18:00;8995941
25.09.2020 19:00;8943873
25.09.2020 20:00;8309463
25.09.2020 21:00;8197978
25.09.2020 22:00;7889119
25.09.2020 23:00;7439155
26.09.2020 00:00;7127882
26.09.2020 01:00;6914169
26.09.2020 02:00;6903092
26.09.2020 03:00;6937142
26.09.2020 04:00;7095554
26.09.2020 05:00;7110136
26.09.2020 06:00;6744022
26.09.2020 07:00;6990854
26.09.2020 08:00;7212796
26.09.2020 09:00;7287820
26.09.2020 10:00;7284554
26.09.2020 11:00;7274872
26.09.2020 12:00;7167170
26.09.2020 13:00;7152331
26.09.2020 14:00;7240614
26.09.2020 15:00;7300732
26.09.2020 16:00;7520062
26.09.2020 17:00;7701324
26.09.2020 18:00;7996070
26.09.2020 19:00;7822285
26.09.2020 20:00;7398774
26.09.2020 21:00;7463279
26.09.2020 22:00;7412486
26.09.2020 23:00;6952016
27.09.2020 00:00;6766360
27.09.2020 01:00;6542956
27.09.2020 02:00;6516890
27.09.2020 03:00;6653319
27.09.2020 04:00;6721261
27.09.2020 05:00;6876869
27.09.2020 06:00;6700567
27.09.2020 07:00;6547441
27.09.2020 08:00;6457962
27.09.2020 09:00;6410334
27.09.2020 10:00;6480918
27.09.2020 11:00;6436950
27.09.2020 12:00;6379201
27.09.2020 13:00;6358043
27.09.2020 14:00;6486621
27.09.2020 15:00;6581561
27.09.2020 16:00;6605515
27.09.2020 17:00;6704570
27.09.2020 18:00;7115911
27.09.2020 19:00;7038242
27.09.2020 20:00;6649188
27.09.2020 21:00;6647228
27.09.2020 22:00;6465321
27.09.2020 23:00;7073909
28.09.2020 00:00;6841718
28.09.2020 01:00;6717992
28.09.2020 02:00;6695254
28.09.2020 03:00;6854305
28.09.2020 04:00;7214965
28.09.2020 05:00;8024224
28.09.2020 06:00;8347251
28.09.2020 07:00;8581965
28.09.2020 08:00;8754057
28.09.2020 09:00;8650673
28.09.2020 10:00;8674882
28.09.2020 11:00;8591138
28.09.2020 12:00;8465585
28.09.2020 13:00;8395759
28.09.2020 14:00;8292504
28.09.2020 15:00;8263838
28.09.2020 16:00;8284307
28.09.2020 17:00;8279138
28.09.2020 18:00;8643838
28.09.2020 19:00;8648580
28.09.2020 20:00;8066241
28.09.2020 21:00;8007207
28.09.2020 22:00;7731642
28.09.2020 23:00;7442671
29.09.2020 00:00;7155173
29.09.2020 01:00;7056171
29.09.2020 02:00;7026025
29.09.2020 03:00;7172900
29.09.2020 04:00;7486638
29.09.2020 05:00;8219104
29.09.2020 06:00;8565430
29.09.2020 07:00;8790824
29.09.2020 08:00;8869480
29.09.2020 09:00;8892201
29.09.2020 10:00;8841930
29.09.2020 11:00;8825477
29.09.2020 12:00;8756725
29.09.2020 13:00;8700868
29.09.2020 14:00;8630756
29.09.2020 15:00;8611008
29.09.2020 16:00;8631311
29.09.2020 17:00;8756837
29.09.2020 18:00;9155576
29.09.2020 19:00;9060222
29.09.2020 20:00;8426781
29.09.2020 21:00;8368537
29.09.2020 22:00;8069072
29.09.2020 23:00;7568880
30.09.2020 00:00;7332464
30.09.2020 01:00;7186845
30.09.2020 02:00;7163978
30.09.2020 03:00;7288577
30.09.2020 04:00;7581072
30.09.2020 05:00;8324462
30.09.2020 06:00;8724103
30.09.2020 07:00;8887345
30.09.2020 08:00;8956283
30.09.2020 09:00;8937511
30.09.2020 10:00;8960972
30.09.2020 11:00;8992403
30.09.2020 12:00;8918998
30.09.2020 13:00;8803719
30.09.2020 14:00;8766684
30.09.2020 15:00;8756216
30.09.2020 16:00;8755493
30.09.2020 17:00;8881896
30.09.2020 18:00;9337567
30.09.2020 19:00;9258760
30.09.2020 20:00;8658440
30.09.2020 21:00;8501731
30.09.2020 22:00;8176589
30.09.2020 23:00;7705087
01.10.2020 00:00;7416913
01.10.2020 01:00;7349519
01.10.2020 02:00;7305298
01.10.2020 03:00;7434516
01.10.2020 04:00;7733273
01.10.2020 05:00;8458301
01.10.2020 06:00;8840917
01.10.2020 07:00;8983175
01.10.2020 08:00;9101777
01.10.2020 09:00;9091030
01.10.2020 10:00;9043983
01.10.2020 11:00;8980860
01.10.2020 12:00;8797847
01.10.2020 13:00;8655489
01.10.2020 14:00;8611716
01.10.2020 15:00;8673961
01.10.2020 16:00;8719923
01.10.2020 17:00;8817799
01.10.2020 18:00;9267483
01.10.2020 19:00;9249468
01.10.2020 20:00;8698972
01.10.2020 21:00;8618166
01.10.2020 22:00;8347983
01.10.2020 23:00;7840492
02.10.2020 00:00;7555494
02.10.2020 01:00;7485176
02.10.2020 02:00;7477614
02.10.2020 03:00;7635341
02.10.2020 04:00;7920002
02.10.2020 05:00;8643654
02.10.2020 06:00;9087290
02.10.2020 07:00;9279752
02.10.2020 08:00;9312770
02.10.2020 09:00;9334173
02.10.2020 10:00;9292707
02.10.2020 11:00;9128785
02.10.2020 12:00;8925656
02.10.2020 13:00;8888604
02.10.2020 14:00;8878312
02.10.2020 15:00;8903561
02.10.2020 16:00;8952146
02.10.2020 17:00;9027446
02.10.2020 18:00;9482187
02.10.2020 19:00;9305007
02.10.2020 20:00;8681909
02.10.2020 21:00;8594639
02.10.2020 22:00;8287030
02.10.2020 23:00;7938492
03.10.2020 00:00;7699121
03.10.2020 01:00;7559001
03.10.2020 02:00;7504658
03.10.2020 03:00;7569959
03.10.2020 04:00;7729372
03.10.2020 05:00;7941116
03.10.2020 06:00;7940237
03.10.2020 07:00;8120103
03.10.2020 08:00;8321002
03.10.2020 09:00;8380396
03.10.2020 10:00;8266020
03.10.2020 11:00;8160203
03.10.2020 12:00;8155886
03.10.2020 13:00;8171817
03.10.2020 14:00;8176658
03.10.2020 15:00;8253055
03.10.2020 16:00;8409763
03.10.2020 17:00;8700503
03.10.2020 18:00;9148862
03.10.2020 19:00;8892294
03.10.2020 20:00;8487136
03.10.2020 21:00;8406676
03.10.2020 22:00;8189022
03.10.2020 23:00;7826655
04.10.2020 00:00;7515232
04.10.2020 01:00;7387966
04.10.2020 02:00;7319215
04.10.2020 03:00;7352202
04.10.2020 04:00;7434059
04.10.2020 05:00;7553648
04.10.2020 06:00;7579494
04.10.2020 07:00;7731150
04.10.2020 08:00;7947236
04.10.2020 09:00;8147513
04.10.2020 10:00;8225573
04.10.2020 11:00;8247457
04.10.2020 12:00;8149308
04.10.2020 13:00;8115626
04.10.2020 14:00;8159081
04.10.2020 15:00;8251003
04.10.2020 16:00;8385980
04.10.2020 17:00;8623135
04.10.2020 18:00;8974062
04.10.2020 19:00;8719753
04.10.2020 20:00;8220061
04.10.2020 21:00;8258199
04.10.2020 22:00;8119612
04.10.2020 23:00;7797581
05.10.2020 00:00;7546808
05.10.2020 01:00;7393912
05.10.2020 02:00;7351796
05.10.2020 03:00;7511805
05.10.2020 04:00;7838149
05.10.2020 05:00;8610686
05.10.2020 06:00;8971142
05.10.2020 07:00;9145771
05.10.2020 08:00;9252205
05.10.2020 09:00;9352763
05.10.2020 10:00;9267275
05.10.2020 11:00;9227448
05.10.2020 12:00;9190322
05.10.2020 13:00;9149194
05.10.2020 14:00;9034361
05.10.2020 15:00;8983695
05.10.2020 16:00;8963317
05.10.2020 17:00;9011603
05.10.2020 18:00;9424076
05.10.2020 19:00;9256683
05.10.2020 20:00;8785010
05.10.2020 21:00;8629708
05.10.2020 22:00;8367512
05.10.2020 23:00;7973051
06.10.2020 00:00;7681224
06.10.2020 01:00;7515012
06.10.2020 02:00;7499702
06.10.2020 03:00;7607095
06.10.2020 04:00;7917920
06.10.2020 05:00;8709356
06.10.2020 06:00;9221396
06.10.2020 07:00;9348497
06.10.2020 08:00;9487305
06.10.2020 09:00;9502782
06.10.2020 10:00;9544166
06.10.2020 11:00;9499615
06.10.2020 12:00;9358156
06.10.2020 13:00;9228872
06.10.2020 14:00;9200542
06.10.2020 15:00;9137647
06.10.2020 16:00;9245917
06.10.2020 17:00;9453527
06.10.2020 18:00;9710225
06.10.2020 19:00;9377665
06.10.2020 20:00;8806551
06.10.2020 21:00;8652099
06.10.2020 22:00;8362122
06.10.2020 23:00;7658578
07.10.2020 00:00;7347553
07.10.2020 01:00;7208769
07.10.2020 02:00;7189082
07.10.2020 03:00;7294556
07.10.2020 04:00;7651815
07.10.2020 05:00;8394895
07.10.2020 06:00;8857139
07.10.2020 07:00;8907756
07.10.2020 08:00;8994257
07.10.2020 09:00;8959507
07.10.2020 10:00;9058041
07.10.2020 11:00;9051013
07.10.2020 12:00;9006451
07.10.2020 13:00;8883009
07.10.2020 14:00;8840850
07.10.2020 15:00;8801701
07.10.2020 16:00;8847463
07.10.2020 17:00;9098829
07.10.2020 18:00;9501637
07.10.2020 19:00;9333433
07.10.2020 20:00;8753788
07.10.2020 21:00;8615457
07.10.2020 22:00;8272359
07.10.2020 23:00;7909146
08.10.2020 00:00;7579690
08.10.2020 01:00;7485017
08.10.2020 02:00;7466247
08.10.2020 03:00;7527524
08.10.2020 04:00;7835574
08.10.2020 05:00;8568487
08.10.2020 06:00;9098540
08.10.2020 07:00;9168870
08.10.2020 08:00;9268763
08.10.2020 09:00;9291569
08.10.2020 10:00;9286459
08.10.2020 11:00;9347449
08.10.2020 12:00;9295270
08.10.2020 13:00;9094114
08.10.2020 14:00;9005725
08.10.2020 15:00;9014167
08.10.2020 16:00;9043159
08.10.2020 17:00;9257644
08.10.2020 18:00;9631705
08.10.2020 19:00;9429908
08.10.2020 20:00;8932187
08.10.2020 21:00;8792219
08.10.2020 22:00;8496253
08.10.2020 23:00;8051355
09.10.2020 00:00;7792492
09.10.2020 01:00;7656529
09.10.2020 02:00;7625552
09.10.2020 03:00;7745315
09.10.2020 04:00;8077573
09.10.2020 05:00;8817063
09.10.2020 06:00;9275970
09.10.2020 07:00;9352571
09.10.2020 08:00;9382826
09.10.2020 09:00;9384367
09.10.2020 10:00;9420865
09.10.2020 11:00;9457439
09.10.2020 12:00;9371073
09.10.2020 13:00;9312761
09.10.2020 14:00;9190418
09.10.2020 15:00;9201612
09.10.2020 16:00;9281752
09.10.2020 17:00;9507854
09.10.2020 18:00;9692427
09.10.2020 19:00;9435693
09.10.2020 20:00;8955781
09.10.2020 21:00;8846292
09.10.2020 22:00;8574740
09.10.2020 23:00;8020323
10.10.2020 00:00;7597040
10.10.2020 01:00;7394851
10.10.2020 02:00;7333278
10.10.2020 03:00;7374191
10.10.2020 04:00;7536938
10.10.2020 05:00;7793068
10.10.2020 06:00;7894439
10.10.2020 07:00;8013314
10.10.2020 08:00;8179288
10.10.2020 09:00;8277139
10.10.2020 10:00;8333528
10.10.2020 11:00;8384370
10.10.2020 12:00;8352331
10.10.2020 13:00;8306305
10.10.2020 14:00;8380154
10.10.2020 15:00;8486818
10.10.2020 16:00;8708849
10.10.2020 17:00;9130911
10.10.2020 18:00;9370121
10.10.2020 19:00;9023461
10.10.2020 20:00;8514221
10.10.2020 21:00;8467881
10.10.2020 22:00;8325367
10.10.2020 23:00;7940836
11.10.2020 00:00;7619989
11.10.2020 01:00;7432566
11.10.2020 02:00;7393402
11.10.2020 03:00;7461409
11.10.2020 04:00;7537143
11.10.2020 05:00;7699691
11.10.2020 06:00;7824581
11.10.2020 07:00;7877982
11.10.2020 08:00;8114721
11.10.2020 09:00;8340896
11.10.2020 10:00;8385342
11.10.2020 11:00;8422053
11.10.2020 12:00;8238512
11.10.2020 13:00;8133994
11.10.2020 14:00;8153300
11.10.2020 15:00;8217218
11.10.2020 16:00;8374719
11.10.2020 17:00;8718968
11.10.2020 18:00;9105821
11.10.2020 19:00;8881598
11.10.2020 20:00;8527768
11.10.2020 21:00;8588002
11.10.2020 22:00;8417505
11.10.2020 23:00;7971461
12.10.2020 00:00;7747740
12.10.2020 01:00;7609352
12.10.2020 02:00;7615726
12.10.2020 03:00;7733790
12.10.2020 04:00;8075013
12.10.2020 05:00;8887382
12.10.2020 06:00;9376682
12.10.2020 07:00;9506369
12.10.2020 08:00;9554988
12.10.2020 09:00;9590538
12.10.2020 10:00;9566204
12.10.2020 11:00;9509077
12.10.2020 12:00;9353166
12.10.2020 13:00;9303029
12.10.2020 14:00;9188107
12.10.2020 15:00;9197107
12.10.2020 16:00;9185806
12.10.2020 17:00;9522558
12.10.2020 18:00;9805660
12.10.2020 19:00;9594120
12.10.2020 20:00;9056905
12.10.2020 21:00;8952205
12.10.2020 22:00;8714465
12.10.2020 23:00;8259165
13.10.2020 00:00;7905673
13.10.2020 01:00;7779170
13.10.2020 02:00;7765843
13.10.2020 03:00;7779235
13.10.2020 04:00;8097308
13.10.2020 05:00;8798353
13.10.2020 06:00;9230168
13.10.2020 07:00;9319803
13.10.2020 08:00;9402513
13.10.2020 09:00;9453326
13.10.2020 10:00;9438818
13.10.2020 11:00;9404269
13.10.2020 12:00;9289420
13.10.2020 13:00;9310019
13.10.2020 14:00;9269951
13.10.2020 15:00;9236684
13.10.2020 16:00;9303974
13.10.2020 17:00;9774763
13.10.2020 18:00;10068197
13.10.2020 19:00;9815063
13.10.2020 20:00;9248680
13.10.2020 21:00;9196891
13.10.2020 22:00;8955170
13.10.2020 23:00;8540002
14.10.2020 00:00;8200988
14.10.2020 01:00;7996557
14.10.2020 02:00;7995854
14.10.2020 03:00;8106024
14.10.2020 04:00;8404681
14.10.2020 05:00;9147546
14.10.2020 06:00;9499772
14.10.2020 07:00;9574814
14.10.2020 08:00;9667817
14.10.2020 09:00;9684912
14.10.2020 10:00;9659554
14.10.2020 11:00;9591641
14.10.2020 12:00;9509388
14.10.2020 13:00;9516355
14.10.2020 14:00;9518975
14.10.2020 15:00;9505057
14.10.2020 16:00;9715435
14.10.2020 17:00;10143600
14.10.2020 18:00;10416465
14.10.2020 19:00;10206493
14.10.2020 20:00;9608919
14.10.2020 21:00;9515640
14.10.2020 22:00;9282064
14.10.2020 23:00;8812256
15.10.2020 00:00;8604264
15.10.2020 01:00;8510087
15.10.2020 02:00;8477730
15.10.2020 03:00;8572827
15.10.2020 04:00;8948287
15.10.2020 05:00;9702842
15.10.2020 06:00;10112142
15.10.2020 07:00;10197680
15.10.2020 08:00;10288741
15.10.2020 09:00;10231920
15.10.2020 10:00;10116672
15.10.2020 11:00;10019908
15.10.2020 12:00;9879089
15.10.2020 13:00;9752217
15.10.2020 14:00;9698453
15.10.2020 15:00;9780581
15.10.2020 16:00;9933275
15.10.2020 17:00;10355575
15.10.2020 18:00;10665537
15.10.2020 19:00;10422335
15.10.2020 20:00;9866560
15.10.2020 21:00;9736616
15.10.2020 22:00;9518269
15.10.2020 23:00;9044985
16.10.2020 00:00;8718714
16.10.2020 01:00;8604844
16.10.2020 02:00;8597713
16.10.2020 03:00;8712544
16.10.2020 04:00;9059074
16.10.2020 05:00;9758592
16.10.2020 06:00;10169292
16.10.2020 07:00;10204824
16.10.2020 08:00;10355583
16.10.2020 09:00;10291125
16.10.2020 10:00;10144434
16.10.2020 11:00;10020238
16.10.2020 12:00;9892926
16.10.2020 13:00;9751942
16.10.2020 14:00;9672423
16.10.2020 15:00;9712252
16.10.2020 16:00;9850593
16.10.2020 17:00;10393046
16.10.2020 18:00;10624019
16.10.2020 19:00;10397261
16.10.2020 20:00;9787993
16.10.2020 21:00;9772870
16.10.2020 22:00;9545434
16.10.2020 23:00;9118214
17.10.2020 00:00;8776403
17.10.2020 01:00;8661374
17.10.2020 02:00;8558044
17.10.2020 03:00;8536790
17.10.2020 04:00;8706030
17.10.2020 05:00;8969983
17.10.2020 06:00;9061043
17.10.2020 07:00;9058367
17.10.2020 08:00;9236121
17.10.2020 09:00;9363954
17.10.2020 10:00;9341582
17.10.2020 11:00;9232090
17.10.2020 12:00;9209324
17.10.2020 13:00;9182864
17.10.2020 14:00;9264597
17.10.2020 15:00;9400357
17.10.2020 16:00;9689359
17.10.2020 17:00;10153188
17.10.2020 18:00;10181483
17.10.2020 19:00;9801645
17.10.2020 20:00;9266348
17.10.2020 21:00;9174060
17.10.2020 22:00;9033208
17.10.2020 23:00;8631011
18.10.2020 00:00;8309414
18.10.2020 01:00;8081522
18.10.2020 02:00;8042195
18.10.2020 03:00;8084079
18.10.2020 04:00;8163913
18.10.2020 05:00;8418632
18.10.2020 06:00;8569817
18.10.2020 07:00;8660571
18.10.2020 08:00;8806561
18.10.2020 09:00;8963160
18.10.2020 10:00;9154856
18.10.2020 11:00;9177898
18.10.2020 12:00;9125334
18.10.2020 13:00;9146365
18.10.2020 14:00;9139035
18.10.2020 15:00;9249971
18.10.2020 16:00;9501475
18.10.2020 17:00;10017478
18.10.2020 18:00;10109315
18.10.2020 19:00;9879408
18.10.2020 20:00;9474586
18.10.2020 21:00;9566280
18.10.2020 22:00;9462358
18.10.2020 23:00;9048790
19.10.2020 00:00;8765411
19.10.2020 01:00;8557698
19.10.2020 02:00;8538974
19.10.2020 03:00;8679123
19.10.2020 04:00;9019315
19.10.2020 05:00;9753762
19.10.2020 06:00;10362646
19.10.2020 07:00;10500301
19.10.2020 08:00;10571409
19.10.2020 09:00;10600173
19.10.2020 10:00;10572982
19.10.2020 11:00;10561540
19.10.2020 12:00;10387955
19.10.2020 13:00;10224555
19.10.2020 14:00;10131696
19.10.2020 15:00;10131761
19.10.2020 16:00;10233172
19.10.2020 17:00;10612594
19.10.2020 18:00;10734874
19.10.2020 19:00;10465218
19.10.2020 20:00;9987281
19.10.2020 21:00;9968539
19.10.2020 22:00;9768064
19.10.2020 23:00;9247000
20.10.2020 00:00;8950607
20.10.2020 01:00;8805504
20.10.2020 02:00;8777118
20.10.2020 03:00;8848660
20.10.2020 04:00;9169814
20.10.2020 05:00;9948224
20.10.2020 06:00;10413250
20.10.2020 07:00;10436212
20.10.2020 08:00;10375928
20.10.2020 09:00;10471613
20.10.2020 10:00;10438106
20.10.2020 11:00;10310383
20.10.2020 12:00;10185315
20.10.2020 13:00;10169547
20.10.2020 14:00;10175186
20.10.2020 15:00;10223541
20.10.2020 16:00;10346505
20.10.2020 17:00;10814683
20.10.2020 18:00;10991568
20.10.2020 19:00;10657422
20.10.2020 20:00;10151800
20.10.2020 21:00;10077674
20.10.2020 22:00;9866639
20.10.2020 23:00;9438289
21.10.2020 00:00;9125859
21.10.2020 01:00;8945500
21.10.2020 02:00;8966799
21.10.2020 03:00;9023543
21.10.2020 04:00;9414012
21.10.2020 05:00;10133410
21.10.2020 06:00;10555339
21.10.2020 07:00;10638500
21.10.2020 08:00;10643482
21.10.2020 09:00;10619577
21.10.2020 10:00;10574990
21.10.2020 11:00;10468727
21.10.2020 12:00;10249058
21.10.2020 13:00;10154804
21.10.2020 14:00;10278214
21.10.2020 15:00;10255331
21.10.2020 16:00;10448647
21.10.2020 17:00;10746329
21.10.2020 18:00;10794840
21.10.2020 19:00;10449368
21.10.2020 20:00;9915611
21.10.2020 21:00;9781059
21.10.2020 22:00;9527111
21.10.2020 23:00;9061257
22.10.2020 00:00;8696927
22.10.2020 01:00;8474705
22.10.2020 02:00;8386558
22.10.2020 03:00;8452825
22.10.2020 04:00;8723351
22.10.2020 05:00;9462930
22.10.2020 06:00;9947693
22.10.2020 07:00;10086771
22.10.2020 08:00;10036511
22.10.2020 09:00;10030878
22.10.2020 10:00;10119600
22.10.2020 11:00;10102812
22.10.2020 12:00;9898671
22.10.2020 13:00;9849964
22.10.2020 14:00;9818324
22.10.2020 15:00;9780608
22.10.2020 16:00;9917179
22.10.2020 17:00;10193351
22.10.2020 18:00;10278297
22.10.2020 19:00;9864405
22.10.2020 20:00;9429280
22.10.2020 21:00;9396480
22.10.2020 22:00;9245912
22.10.2020 23:00;8748634
23.10.2020 00:00;8368736
23.10.2020 01:00;8213646
23.10.2020 02:00;8175487
23.10.2020 03:00;8276100
23.10.2020 04:00;8605212
23.10.2020 05:00;9308106
23.10.2020 06:00;9794261
23.10.2020 07:00;9948341
23.10.2020 08:00;9978278
23.10.2020 09:00;10045612
23.10.2020 10:00;10092139
23.10.2020 11:00;10051218
23.10.2020 12:00;9899666
23.10.2020 13:00;9792198
23.10.2020 14:00;9775183
23.10.2020 15:00;9901573
23.10.2020 16:00;10071838
23.10.2020 17:00;10474834
23.10.2020 18:00;10601995
23.10.2020 19:00;10174640
23.10.2020 20:00;9716182
23.10.2020 21:00;9693036
23.10.2020 22:00;9557928
23.10.2020 23:00;9130016
24.10.2020 00:00;8820922
24.10.2020 01:00;8620624
24.10.2020 02:00;8536468
24.10.2020 03:00;8584963
24.10.2020 04:00;8730155
24.10.2020 05:00;9004625
24.10.2020 06:00;9233866
24.10.2020 07:00;9294190
24.10.2020 08:00;9473291
24.10.2020 09:00;9554511
24.10.2020 10:00;9557524
24.10.2020 11:00;9563788
24.10.2020 12:00;9436349
24.10.2020 13:00;9394416
24.10.2020 14:00;9475489
24.10.2020 15:00;9639672
24.10.2020 16:00;10037375
24.10.2020 17:00;10540021
24.10.2020 18:00;10474013
24.10.2020 19:00;10111378
24.10.2020 20:00;9576308
24.10.2020 21:00;9572967
24.10.2020 22:00;9420159
24.10.2020 23:00;9068347
25.10.2020 00:00;8724145
25.10.2020 01:00;8514591
25.10.2020 02:00;8454975
25.10.2020 03:00;8454203
25.10.2020 04:00;8534830
25.10.2020 05:00;8633371
25.10.2020 06:00;8866961
25.10.2020 07:00;8860099
25.10.2020 08:00;9036785
25.10.2020 09:00;9175988
25.10.2020 10:00;9290399
25.10.2020 11:00;9340485
25.10.2020 12:00;9316142
25.10.2020 13:00;9298248
25.10.2020 14:00;9283025
25.10.2020 15:00;9341751
25.10.2020 16:00;9584321
25.10.2020 17:00;10086403
25.10.2020 18:00;10125802
25.10.2020 19:00;9939165
25.10.2020 20:00;9566947
25.10.2020 21:00;9046558
25.10.2020 22:00;9218326
25.10.2020 23:00;9131943
26.10.2020 00:00;8649464
26.10.2020 01:00;8294751
26.10.2020 02:00;8122171
26.10.2020 03:00;8101381
26.10.2020 04:00;8148474
26.10.2020 05:00;8496778
26.10.2020 06:00;9403618
26.10.2020 07:00;9880572
26.10.2020 08:00;10048587
26.10.2020 09:00;10099550
26.10.2020 10:00;10093336
26.10.2020 11:00;10214346
26.10.2020 12:00;10126309
26.10.2020 13:00;10048709
26.10.2020 14:00;9958648
26.10.2020 15:00;9945148
26.10.2020 16:00;9973214
26.10.2020 17:00;10194042
26.10.2020 18:00;10127786
26.10.2020 19:00;10050349
26.10.2020 20:00;9797852
26.10.2020 21:00;9335947
26.10.2020 22:00;9345007
26.10.2020 23:00;9034029
27.10.2020 00:00;8612849
27.10.2020 01:00;8317946
27.10.2020 02:00;8149321
27.10.2020 03:00;8074074
27.10.2020 04:00;8145970
27.10.2020 05:00;8521029
27.10.2020 06:00;9323864
27.10.2020 07:00;9850355
27.10.2020 08:00;9966962
27.10.2020 09:00;9991179
27.10.2020 10:00;10148542
27.10.2020 11:00;10194465
27.10.2020 12:00;10131424
27.10.2020 13:00;10034070
27.10.2020 14:00;9977330
27.10.2020 15:00;9985963
27.10.2020 16:00;9997531
27.10.2020 17:00;10193323
27.10.2020 18:00;10183480
27.10.2020 19:00;10220776
27.10.2020 20:00;9956793
27.10.2020 21:00;9503831
27.10.2020 22:00;9546448
27.10.2020 23:00;9277400
28.10.2020 00:00;8802369
28.10.2020 01:00;8436079
28.10.2020 02:00;8284832
28.10.2020 03:00;8262753
28.10.2020 04:00;8380500
28.10.2020 05:00;8752804
28.10.2020 06:00;9566259
28.10.2020 07:00;10059803
28.10.2020 08:00;10116333
28.10.2020 09:00;10110020
28.10.2020 10:00;10168552
28.10.2020 11:00;10165330
28.10.2020 12:00;10158412
28.10.2020 13:00;10077930
28.10.2020 14:00;9988286
28.10.2020 15:00;10050743
28.10.2020 16:00;10164898
28.10.2020 17:00;10481812
28.10.2020 18:00;10528585
28.10.2020 19:00;10537777
28.10.2020 20:00;10191405
28.10.2020 21:00;9624522
28.10.2020 22:00;9653860
28.10.2020 23:00;9330098
29.10.2020 00:00;8712069
29.10.2020 01:00;8376625
29.10.2020 02:00;8291234
29.10.2020 03:00;8228874
29.10.2020 04:00;8310886
29.10.2020 05:00;8652762
29.10.2020 06:00;9438947
29.10.2020 07:00;9884502
29.10.2020 08:00;9986868
29.10.2020 09:00;10014575
29.10.2020 10:00;10050791
29.10.2020 11:00;9998490
29.10.2020 12:00;9929759
29.10.2020 13:00;9856721
29.10.2020 14:00;9848226
29.10.2020 15:00;9845708
29.10.2020 16:00;9999756
29.10.2020 17:00;10275979
29.10.2020 18:00;10194822
29.10.2020 19:00;10217756
29.10.2020 20:00;10021381
29.10.2020 21:00;9560548
29.10.2020 22:00;9587707
29.10.2020 23:00;9297333
30.10.2020 00:00;8816702
30.10.2020 01:00;8488148
30.10.2020 02:00;8361683
30.10.2020 03:00;8261789
30.10.2020 04:00;8397667
30.10.2020 05:00;8703022
30.10.2020 06:00;9568966
30.10.2020 07:00;9999706
30.10.2020 08:00;9998560
30.10.2020 09:00;10056614
30.10.2020 10:00;10116679
30.10.2020 11:00;10134121
30.10.2020 12:00;10106286
30.10.2020 13:00;10014545
30.10.2020 14:00;9914874
30.10.2020 15:00;9929939
30.10.2020 16:00;10169590
30.10.2020 17:00;10531857
30.10.2020 18:00;10549097
30.10.2020 19:00;10505955
30.10.2020 20:00;10226517
30.10.2020 21:00;9729174
30.10.2020 22:00;9819119
30.10.2020 23:00;9562538
31.10.2020 00:00;9112732
31.10.2020 01:00;8763393
31.10.2020 02:00;8581647
31.10.2020 03:00;8520629
31.10.2020 04:00;8493749
31.10.2020 05:00;8652479
31.10.2020 06:00;8846002
31.10.2020 07:00;8965699
31.10.2020 08:00;9168628
31.10.2020 09:00;9396152
31.10.2020 10:00;9533697
31.10.2020 11:00;9589019
31.10.2020 12:00;9605720
31.10.2020 13:00;9576172
31.10.2020 14:00;9580345
31.10.2020 15:00;9682151
31.10.2020 16:00;10020381
31.10.2020 17:00;10285275
31.10.2020 18:00;10357600
31.10.2020 19:00;10290436
31.10.2020 20:00;9967961
31.10.2020 21:00;9498015
31.10.2020 22:00;9636658
31.10.2020 23:00;9418843
01.11.2020 00:00;8912921
01.11.2020 01:00;8493883
01.11.2020 02:00;8312251
01.11.2020 03:00;8144660
01.11.2020 04:00;8096935
01.11.2020 05:00;8180182
01.11.2020 06:00;8353474
01.11.2020 07:00;8380383
01.11.2020 08:00;8459053
01.11.2020 09:00;8732735
01.11.2020 10:00;8950596
01.11.2020 11:00;9077845
01.11.2020 12:00;9162831
01.11.2020 13:00;9118144
01.11.2020 14:00;9136261
01.11.2020 15:00;9224240
01.11.2020 16:00;9540613
01.11.2020 17:00;9827006
01.11.2020 18:00;9908246
01.11.2020 19:00;9836939
01.11.2020 20:00;9522016
01.11.2020 21:00;9113793
01.11.2020 22:00;9279729
01.11.2020 23:00;9096127
02.11.2020 00:00;8520851
02.11.2020 01:00;8313809
02.11.2020 02:00;8151897
02.11.2020 03:00;8054897
02.11.2020 04:00;8224954
02.11.2020 05:00;8498169
02.11.2020 06:00;9341100
02.11.2020 07:00;9897954
02.11.2020 08:00;10069128
02.11.2020 09:00;10224971
02.11.2020 10:00;10297150
02.11.2020 11:00;10294908
02.11.2020 12:00;10258844
02.11.2020 13:00;10275643
02.11.2020 14:00;10285119
02.11.2020 15:00;10271865
02.11.2020 16:00;10474901
02.11.2020 17:00;10496882
02.11.2020 18:00;10394928
02.11.2020 19:00;10321237
02.11.2020 20:00;9912402
02.11.2020 21:00;9509915
02.11.2020 22:00;9498266
02.11.2020 23:00;9149419
03.11.2020 00:00;8763453
03.11.2020 01:00;8385053
03.11.2020 02:00;8240286
03.11.2020 03:00;8135780
03.11.2020 04:00;8117723
03.11.2020 05:00;8386772
03.11.2020 06:00;9138932
03.11.2020 07:00;9704736
03.11.2020 08:00;9735444
03.11.2020 09:00;9802818
03.11.2020 10:00;9795541
03.11.2020 11:00;9809949
03.11.2020 12:00;9765681
03.11.2020 13:00;9667057
03.11.2020 14:00;9682364
03.11.2020 15:00;9641946
03.11.2020 16:00;10017340
03.11.2020 17:00;10192884
03.11.2020 18:00;10130455
03.11.2020 19:00;10156006
03.11.2020 20:00;9903464
03.11.2020 21:00;9389549
03.11.2020 22:00;9418905
03.11.2020 23:00;9080816
04.11.2020 00:00;8646844
04.11.2020 01:00;8353592
04.11.2020 02:00;8261954
04.11.2020 03:00;8243905
04.11.2020 04:00;8264151
04.11.2020 05:00;8635252
04.11.2020 06:00;9487617
04.11.2020 07:00;10025456
04.11.2020 08:00;10049155
04.11.2020 09:00;10090982
04.11.2020 10:00;10117067
04.11.2020 11:00;10121325
04.11.2020 12:00;10067754
04.11.2020 13:00;9981599
04.11.2020 14:00;9946650
04.11.2020 15:00;9980677
04.11.2020 16:00;10259392
04.11.2020 17:00;10492275
04.11.2020 18:00;10493332
04.11.2020 19:00;10491241
04.11.2020 20:00;10228262
04.11.2020 21:00;9686757
04.11.2020 22:00;9675771
04.11.2020 23:00;9368850
05.11.2020 00:00;8887561
05.11.2020 01:00;8559190
05.11.2020 02:00;8409148
05.11.2020 03:00;8315047
05.11.2020 04:00;8399909
05.11.2020 05:00;8760458
05.11.2020 06:00;9656329
05.11.2020 07:00;10235185
05.11.2020 08:00;10410400
05.11.2020 09:00;10439282
05.11.2020 10:00;10264220
05.11.2020 11:00;10394239
05.11.2020 12:00;10299667
05.11.2020 13:00;10176854
05.11.2020 14:00;10077924
05.11.2020 15:00;10107603
05.11.2020 16:00;10377454
05.11.2020 17:00;10579262
05.11.2020 18:00;10611284
05.11.2020 19:00;10590416
05.11.2020 20:00;10294066
05.11.2020 21:00;9785655
05.11.2020 22:00;9811144
05.11.2020 23:00;9504146
06.11.2020 00:00;8979622
06.11.2020 01:00;8610076
06.11.2020 02:00;8455157
06.11.2020 03:00;8454628
06.11.2020 04:00;8509550
06.11.2020 05:00;8868942
06.11.2020 06:00;9758355
06.11.2020 07:00;10287992
06.11.2020 08:00;10343697
06.11.2020 09:00;10383607
06.11.2020 10:00;10257733
06.11.2020 11:00;10187308
06.11.2020 12:00;10112153
06.11.2020 13:00;9997855
06.11.2020 14:00;9989152
06.11.2020 15:00;9996871
06.11.2020 16:00;10291345
06.11.2020 17:00;10497954
06.11.2020 18:00;10389587
06.11.2020 19:00;10231334
06.11.2020 20:00;9961669
06.11.2020 21:00;9437099
06.11.2020 22:00;9443709
06.11.2020 23:00;9137686
07.11.2020 00:00;8569508
07.11.2020 01:00;8304513
07.11.2020 02:00;8136520
07.11.2020 03:00;8052544
07.11.2020 04:00;8101122
07.11.2020 05:00;8218297
07.11.2020 06:00;8469908
07.11.2020 07:00;8643677
07.11.2020 08:00;8691218
07.11.2020 09:00;8888418
07.11.2020 10:00;8977615
07.11.2020 11:00;8999628
07.11.2020 12:00;8964225
07.11.2020 13:00;8952756
07.11.2020 14:00;9033358
07.11.2020 15:00;9152584
07.11.2020 16:00;9730281
07.11.2020 17:00;10083789
07.11.2020 18:00;10170548
07.11.2020 19:00;10038466
07.11.2020 20:00;9686061
07.11.2020 21:00;9182739
07.11.2020 22:00;9282088
07.11.2020 23:00;9096487
08.11.2020 00:00;8739892
08.11.2020 01:00;8432143
08.11.2020 02:00;8280060
08.11.2020 03:00;8133700
08.11.2020 04:00;8182192
08.11.2020 05:00;8325060
08.11.2020 06:00;8558322
08.11.2020 07:00;8743519
08.11.2020 08:00;8894022
08.11.2020 09:00;9166525
08.11.2020 10:00;9281455
08.11.2020 11:00;9346149
08.11.2020 12:00;9185604
08.11.2020 13:00;9040861
08.11.2020 14:00;9044625
08.11.2020 15:00;9272469
08.11.2020 16:00;9654471
08.11.2020 17:00;10011883
08.11.2020 18:00;10166855
08.11.2020 19:00;10232555
08.11.2020 20:00;10077707
08.11.2020 21:00;9740213
08.11.2020 22:00;10001279
08.11.2020 23:00;9863671
09.11.2020 00:00;9373735
09.11.2020 01:00;9113417
09.11.2020 02:00;8879201
09.11.2020 03:00;8850564
09.11.2020 04:00;8886340
09.11.2020 05:00;9241813
09.11.2020 06:00;10044487
09.11.2020 07:00;10478056
09.11.2020 08:00;10505776
09.11.2020 09:00;10457888
09.11.2020 10:00;10441868
09.11.2020 11:00;10376413
09.11.2020 12:00;10251042
09.11.2020 13:00;10109220
09.11.2020 14:00;10055424
09.11.2020 15:00;9997021
09.11.2020 16:00;10347472
09.11.2020 17:00;10528366
09.11.2020 18:00;10535838
09.11.2020 19:00;10589190
09.11.2020 20:00;10377794
09.11.2020 21:00;10030476
09.11.2020 22:00;10110568
09.11.2020 23:00;9935937
10.11.2020 00:00;9506000
10.11.2020 01:00;9247939
10.11.2020 02:00;9149576
10.11.2020 03:00;9105791
10.11.2020 04:00;9099818
10.11.2020 05:00;9493619
10.11.2020 06:00;10250174
10.11.2020 07:00;10795614
10.11.2020 08:00;10838673
10.11.2020 09:00;10889920
10.11.2020 10:00;10908130
10.11.2020 11:00;10816973
10.11.2020 12:00;10736498
10.11.2020 13:00;10598152
10.11.2020 14:00;10483080
10.11.2020 15:00;10572239
10.11.2020 16:00;10939893
10.11.2020 17:00;11099666
10.11.2020 18:00;11063370
10.11.2020 19:00;11116311
10.11.2020 20:00;10841840
10.11.2020 21:00;10352165
10.11.2020 22:00;10320190
10.11.2020 23:00;10040538
11.11.2020 00:00;9660626
11.11.2020 01:00;9326897
11.11.2020 02:00;9162866
11.11.2020 03:00;9135436
11.11.2020 04:00;9215937
11.11.2020 05:00;9583995
11.11.2020 06:00;10361026
11.11.2020 07:00;10793051
11.11.2020 08:00;10823313
11.11.2020 09:00;10742276
11.11.2020 10:00;10777072
11.11.2020 11:00;10843586
11.11.2020 12:00;10808273
11.11.2020 13:00;10693776
11.11.2020 14:00;10625830
11.11.2020 15:00;10676067
11.11.2020 16:00;11003405
11.11.2020 17:00;11046657
11.11.2020 18:00;10923058
11.11.2020 19:00;10888272
11.11.2020 20:00;10557469
11.11.2020 21:00;10024701
11.11.2020 22:00;10088833
11.11.2020 23:00;9783203
12.11.2020 00:00;9258182
12.11.2020 01:00;8905613
12.11.2020 02:00;8716165
12.11.2020 03:00;8616806
12.11.2020 04:00;8688150
12.11.2020 05:00;9018533
12.11.2020 06:00;9748984
12.11.2020 07:00;10193567
12.11.2020 08:00;10263842
12.11.2020 09:00;10236535
12.11.2020 10:00;10183239
12.11.2020 11:00;10173810
12.11.2020 12:00;10153632
12.11.2020 13:00;10072909
12.11.2020 14:00;10049633
12.11.2020 15:00;10123618
12.11.2020 16:00;10473241
12.11.2020 17:00;10513120
12.11.2020 18:00;10455198
12.11.2020 19:00;10406926
12.11.2020 20:00;10239483
12.11.2020 21:00;9793489
12.11.2020 22:00;9827833
12.11.2020 23:00;9604575
13.11.2020 00:00;9210606
13.11.2020 01:00;8872450
13.11.2020 02:00;8738454
13.11.2020 03:00;8721871
13.11.2020 04:00;8787656
13.11.2020 05:00;9080217
13.11.2020 06:00;9905398
13.11.2020 07:00;10455006
13.11.2020 08:00;10636888
13.11.2020 09:00;10607518
13.11.2020 10:00;10643251
13.11.2020 11:00;10650001
13.11.2020 12:00;10632438
13.11.2020 13:00;10584040
13.11.2020 14:00;10531436
13.11.2020 15:00;10640890
13.11.2020 16:00;10919275
13.11.2020 17:00;10958261
13.11.2020 18:00;10873898
13.11.2020 19:00;10807898
13.11.2020 20:00;10535392
13.11.2020 21:00;10033075
13.11.2020 22:00;10086655
13.11.2020 23:00;9870190
14.11.2020 00:00;9367599
14.11.2020 01:00;9069522
14.11.2020 02:00;8928628
14.11.2020 03:00;8824110
14.11.2020 04:00;8755715
14.11.2020 05:00;8888528
14.11.2020 06:00;9082951
14.11.2020 07:00;9301344
14.11.2020 08:00;9415868
14.11.2020 09:00;9544174
14.11.2020 10:00;9795865
14.11.2020 11:00;9881024
14.11.2020 12:00;9913323
14.11.2020 13:00;9961375
14.11.2020 14:00;9994087
14.11.2020 15:00;10134823
14.11.2020 16:00;10590994
14.11.2020 17:00;10779996
14.11.2020 18:00;10828544
14.11.2020 19:00;10627818
14.11.2020 20:00;10303451
14.11.2020 21:00;9774925
14.11.2020 22:00;9930030
14.11.2020 23:00;9764700
15.11.2020 00:00;9266491
15.11.2020 01:00;8936135
15.11.2020 02:00;8705640
15.11.2020 03:00;8643006
15.11.2020 04:00;8636078
15.11.2020 05:00;8673845
15.11.2020 06:00;8860692
15.11.2020 07:00;8982206
15.11.2020 08:00;9095515
15.11.2020 09:00;9285471
15.11.2020 10:00;9508313
15.11.2020 11:00;9723155
15.11.2020 12:00;9697981
15.11.2020 13:00;9696885
15.11.2020 14:00;9752740
15.11.2020 15:00;9891992
15.11.2020 16:00;10282660
15.11.2020 17:00;10416901
15.11.2020 18:00;10462267
15.11.2020 19:00;10355499
15.11.2020 20:00;10086378
15.11.2020 21:00;9737227
15.11.2020 22:00;9854766
15.11.2020 23:00;9717900
16.11.2020 00:00;9230888
16.11.2020 01:00;8913141
16.11.2020 02:00;8680844
16.11.2020 03:00;8595636
16.11.2020 04:00;8676325
16.11.2020 05:00;8990330
16.11.2020 06:00;9827488
16.11.2020 07:00;10435241
16.11.2020 08:00;10691927
16.11.2020 09:00;10744032
16.11.2020 10:00;10665581
16.11.2020 11:00;10741366
16.11.2020 12:00;10821156
16.11.2020 13:00;10606916
16.11.2020 14:00;10558443
16.11.2020 15:00;10634909
16.11.2020 16:00;10732564
16.11.2020 17:00;10735850
16.11.2020 18:00;10665927
16.11.2020 19:00;10633960
16.11.2020 20:00;10463741
16.11.2020 21:00;10050955
16.11.2020 22:00;10089403
16.11.2020 23:00;9816847
17.11.2020 00:00;9296249
17.11.2020 01:00;8931992
17.11.2020 02:00;8743791
17.11.2020 03:00;8655097
17.11.2020 04:00;8647431
17.11.2020 05:00;8956456
17.11.2020 06:00;9772431
17.11.2020 07:00;10290469
17.11.2020 08:00;10542778
17.11.2020 09:00;10490402
17.11.2020 10:00;10530785
17.11.2020 11:00;10581545
17.11.2020 12:00;10605267
17.11.2020 13:00;10487746
17.11.2020 14:00;10484398
17.11.2020 15:00;10665169
17.11.2020 16:00;10835421
17.11.2020 17:00;10845747
17.11.2020 18:00;10750382
17.11.2020 19:00;10722207
17.11.2020 20:00;10417972
17.11.2020 21:00;9918189
17.11.2020 22:00;9938490
17.11.2020 23:00;9656714
18.11.2020 00:00;9160562
18.11.2020 01:00;8880568
18.11.2020 02:00;8747738
18.11.2020 03:00;8653013
18.11.2020 04:00;8706298
18.11.2020 05:00;9016233
18.11.2020 06:00;9850495
18.11.2020 07:00;10346107
18.11.2020 08:00;10525188
18.11.2020 09:00;10411178
18.11.2020 10:00;10355833
18.11.2020 11:00;10362487
18.11.2020 12:00;10338448
18.11.2020 13:00;10277154
18.11.2020 14:00;10294604
18.11.2020 15:00;10381692
18.11.2020 16:00;10652940
18.11.2020 17:00;10666378
18.11.2020 18:00;10616285
18.11.2020 19:00;10623474
18.11.2020 20:00;10342581
18.11.2020 21:00;9855345
18.11.2020 22:00;9814727
18.11.2020 23:00;9483008
19.11.2020 00:00;8968314
19.11.2020 01:00;8579501
19.11.2020 02:00;8418659
19.11.2020 03:00;8360483
19.11.2020 04:00;8405890
19.11.2020 05:00;8782136
19.11.2020 06:00;9617320
19.11.2020 07:00;10249211
19.11.2020 08:00;10507537
19.11.2020 09:00;10490200
19.11.2020 10:00;10536047
19.11.2020 11:00;10531855
19.11.2020 12:00;10487138
19.11.2020 13:00;10394739
19.11.2020 14:00;10478056
19.11.2020 15:00;10614258
19.11.2020 16:00;10847936
19.11.2020 17:00;10718581
19.11.2020 18:00;10735420
19.11.2020 19:00;10813653
19.11.2020 20:00;10661211
19.11.2020 21:00;10291012
19.11.2020 22:00;10411541
19.11.2020 23:00;10123793
20.11.2020 00:00;9662208
20.11.2020 01:00;9430983
20.11.2020 02:00;9275710
20.11.2020 03:00;9359449
20.11.2020 04:00;9488373
20.11.2020 05:00;9812617
20.11.2020 06:00;10546583
20.11.2020 07:00;11062157
20.11.2020 08:00;11281356
20.11.2020 09:00;11250132
20.11.2020 10:00;11241975
20.11.2020 11:00;11300432
20.11.2020 12:00;11251358
20.11.2020 13:00;11151350
20.11.2020 14:00;11127974
20.11.2020 15:00;11185599
20.11.2020 16:00;11500314
20.11.2020 17:00;11508774
20.11.2020 18:00;11431655
20.11.2020 19:00;11350161
20.11.2020 20:00;11076623
20.11.2020 21:00;10619408
20.11.2020 22:00;10705257
20.11.2020 23:00;10511726
21.11.2020 00:00;10068043
21.11.2020 01:00;9676074
21.11.2020 02:00;9558421
21.11.2020 03:00;9563683
21.11.2020 04:00;9586238
21.11.2020 05:00;9672003
21.11.2020 06:00;10002719
21.11.2020 07:00;10201781
21.11.2020 08:00;10352102
21.11.2020 09:00;10463540
21.11.2020 10:00;10693389
21.11.2020 11:00;10807916
21.11.2020 12:00;10770190
21.11.2020 13:00;10741045
21.11.2020 14:00;10818865
21.11.2020 15:00;11036127
21.11.2020 16:00;11369247
21.11.2020 17:00;11525896
21.11.2020 18:00;11569283
21.11.2020 19:00;11297337
21.11.2020 20:00;10845722
21.11.2020 21:00;10351815
21.11.2020 22:00;10392301
21.11.2020 23:00;10207736
22.11.2020 00:00;9704203
22.11.2020 01:00;9231543
22.11.2020 02:00;8970761
22.11.2020 03:00;8884552
22.11.2020 04:00;8829505
22.11.2020 05:00;8900154
22.11.2020 06:00;9101190
22.11.2020 07:00;9192870
22.11.2020 08:00;9377790
22.11.2020 09:00;9492533
22.11.2020 10:00;9717392
22.11.2020 11:00;9820141
22.11.2020 12:00;9813636
22.11.2020 13:00;9762406
22.11.2020 14:00;9769873
22.11.2020 15:00;9992422
22.11.2020 16:00;10333699
22.11.2020 17:00;10432425
22.11.2020 18:00;10461936
22.11.2020 19:00;10414314
22.11.2020 20:00;10161401
22.11.2020 21:00;9695516
22.11.2020 22:00;9796337
22.11.2020 23:00;9596387
23.11.2020 00:00;9177484
23.11.2020 01:00;8879827
23.11.2020 02:00;8655825
23.11.2020 03:00;8636045
23.11.2020 04:00;8711927
23.11.2020 05:00;9081614
23.11.2020 06:00;9871490
23.11.2020 07:00;10352913
23.11.2020 08:00;10556285
23.11.2020 09:00;10473579
23.11.2020 10:00;10543274
23.11.2020 11:00;10681342
23.11.2020 12:00;10696020
23.11.2020 13:00;10659658
23.11.2020 14:00;10619569
23.11.2020 15:00;10780582
23.11.2020 16:00;10931344
23.11.2020 17:00;10908191
23.11.2020 18:00;10746767
23.11.2020 19:00;10798878
23.11.2020 20:00;10602947
23.11.2020 21:00;10179625
23.11.2020 22:00;10260812
23.11.2020 23:00;9988528
24.11.2020 00:00;9523973
24.11.2020 01:00;9178528
24.11.2020 02:00;8950793
24.11.2020 03:00;8912978
24.11.2020 04:00;8973032
24.11.2020 05:00;9361931
24.11.2020 06:00;10131944
24.11.2020 07:00;10735703
24.11.2020 08:00;10899086
24.11.2020 09:00;10888162
24.11.2020 10:00;10834638
24.11.2020 11:00;10870752
24.11.2020 12:00;10808362
24.11.2020 13:00;10685288
24.11.2020 14:00;10670660
24.11.2020 15:00;10874314
24.11.2020 16:00;11127011
24.11.2020 17:00;11127315
24.11.2020 18:00;11028403
24.11.2020 19:00;11066877
24.11.2020 20:00;10842903
24.11.2020 21:00;10394721
24.11.2020 22:00;10365028
24.11.2020 23:00;10221094
25.11.2020 00:00;9800681
25.11.2020 01:00;9519766
25.11.2020 02:00;9348081
25.11.2020 03:00;9304922
25.11.2020 04:00;9399518
25.11.2020 05:00;9731127
25.11.2020 06:00;10503038
25.11.2020 07:00;11003228
25.11.2020 08:00;11141113
25.11.2020 09:00;11154778
25.11.2020 10:00;11188451
25.11.2020 11:00;11263363
25.11.2020 12:00;11239020
25.11.2020 13:00;11117840
25.11.2020 14:00;11120319
25.11.2020 15:00;11334467
25.11.2020 16:00;11427536
25.11.2020 17:00;11367157
25.11.2020 18:00;11283055
25.11.2020 19:00;11239597
25.11.2020 20:00;10922230
25.11.2020 21:00;10294594
25.11.2020 22:00;10240779
25.11.2020 23:00;9889465
26.11.2020 00:00;9374053
26.11.2020 01:00;8994174
26.11.2020 02:00;8788709
26.11.2020 03:00;8727463
26.11.2020 04:00;8775057
26.11.2020 05:00;9099204
26.11.2020 06:00;9869047
26.11.2020 07:00;10493546
26.11.2020 08:00;10777863
26.11.2020 09:00;10655057
26.11.2020 10:00;10662416
26.11.2020 11:00;10694106
26.11.2020 12:00;10680067
26.11.2020 13:00;10617271
26.11.2020 14:00;10633877
26.11.2020 15:00;10866990
26.11.2020 16:00;11070060
26.11.2020 17:00;11119129
26.11.2020 18:00;11050491
26.11.2020 19:00;11099140
26.11.2020 20:00;10846765
26.11.2020 21:00;10369253
26.11.2020 22:00;10460876
26.11.2020 23:00;10241295
27.11.2020 00:00;9805564
27.11.2020 01:00;9503980
27.11.2020 02:00;9343596
27.11.2020 03:00;9287549
27.11.2020 04:00;9377018
27.11.2020 05:00;9755179
27.11.2020 06:00;10533877
27.11.2020 07:00;11010743
27.11.2020 08:00;11239119
27.11.2020 09:00;11160709
27.11.2020 10:00;11120565
27.11.2020 11:00;11143229
27.11.2020 12:00;11155364
27.11.2020 13:00;11073721
27.11.2020 14:00;11048373
27.11.2020 15:00;11275050
27.11.2020 16:00;11473007
27.11.2020 17:00;11486993
27.11.2020 18:00;11426895
27.11.2020 19:00;11371704
27.11.2020 20:00;11063534
27.11.2020 21:00;10620888
27.11.2020 22:00;10711007
27.11.2020 23:00;10408822
28.11.2020 00:00;9959485
28.11.2020 01:00;9604054
28.11.2020 02:00;9429659
28.11.2020 03:00;9315334
28.11.2020 04:00;9335588
28.11.2020 05:00;9465422
28.11.2020 06:00;9709635
28.11.2020 07:00;9826651
28.11.2020 08:00;10095568
28.11.2020 09:00;10165077
28.11.2020 10:00;10357454
28.11.2020 11:00;10476674
28.11.2020 12:00;10498596
28.11.2020 13:00;10478958
28.11.2020 14:00;10505019
28.11.2020 15:00;10797371
28.11.2020 16:00;11096654
28.11.2020 17:00;11194930
28.11.2020 18:00;11200258
28.11.2020 19:00;11048525
28.11.2020 20:00;10681104
28.11.2020 21:00;10232476
28.11.2020 22:00;10314742
28.11.2020 23:00;10110953
29.11.2020 00:00;9703380
29.11.2020 01:00;9416936
29.11.2020 02:00;9190466
29.11.2020 03:00;9070159
29.11.2020 04:00;9020248
29.11.2020 05:00;9109708
29.11.2020 06:00;9280015
29.11.2020 07:00;9408741
29.11.2020 08:00;9656932
29.11.2020 09:00;9762257
29.11.2020 10:00;9995899
29.11.2020 11:00;10174125
29.11.2020 12:00;10218156
29.11.2020 13:00;10235767
29.11.2020 14:00;10223039
29.11.2020 15:00;10459290
29.11.2020 16:00;10667849
29.11.2020 17:00;10693220
29.11.2020 18:00;10699638
29.11.2020 19:00;10673975
29.11.2020 20:00;10416035
29.11.2020 21:00;10081604
29.11.2020 22:00;10268614
29.11.2020 23:00;10171176
30.11.2020 00:00;9793573
30.11.2020 01:00;9527222
30.11.2020 02:00;9358595
30.11.2020 03:00;9293710
30.11.2020 04:00;9427914
30.11.2020 05:00;9778876
30.11.2020 06:00;10727130
30.11.2020 07:00;11262982
30.11.2020 08:00;11523148
30.11.2020 09:00;11407776
30.11.2020 10:00;11428297
30.11.2020 11:00;11428199
30.11.2020 12:00;11439549
30.11.2020 13:00;11381546
30.11.2020 14:00;11407573
30.11.2020 15:00;11553311
30.11.2020 16:00;11600697
30.11.2020 17:00;11546175
30.11.2020 18:00;11441954
30.11.2020 19:00;11380288
30.11.2020 20:00;11178276
30.11.2020 21:00;10770913
30.11.2020 22:00;10843445
30.11.2020 23:00;10565422
01.12.2020 00:00;10124900
01.12.2020 01:00;9739444
01.12.2020 02:00;9564308
01.12.2020 03:00;9470572
01.12.2020 04:00;9534656
01.12.2020 05:00;9826038
01.12.2020 06:00;10574565
01.12.2020 07:00;11020528
01.12.2020 08:00;11282144
01.12.2020 09:00;11154058
01.12.2020 10:00;11083622
01.12.2020 11:00;11068550
01.12.2020 12:00;11050166
01.12.2020 13:00;10947979
01.12.2020 14:00;10940683
01.12.2020 15:00;11116148
01.12.2020 16:00;11210708
01.12.2020 17:00;11230306
01.12.2020 18:00;11154170
01.12.2020 19:00;11135817
01.12.2020 20:00;10892834
01.12.2020 21:00;10472743
01.12.2020 22:00;10544530
01.12.2020 23:00;10280439
02.12.2020 00:00;9843038
02.12.2020 01:00;9573302
02.12.2020 02:00;9412773
02.12.2020 03:00;9386635
02.12.2020 04:00;9458965
02.12.2020 05:00;9790856
02.12.2020 06:00;10602672
02.12.2020 07:00;11102721
02.12.2020 08:00;11302704
02.12.2020 09:00;11267572
02.12.2020 10:00;11187621
02.12.2020 11:00;11188092
02.12.2020 12:00;11150401
02.12.2020 13:00;11189353
02.12.2020 14:00;11178424
02.12.2020 15:00;11360255
02.12.2020 16:00;11526970
02.12.2020 17:00;11516757
02.12.2020 18:00;11436477
02.12.2020 19:00;11561451
02.12.2020 20:00;11350558
02.12.2020 21:00;10837610
02.12.2020 22:00;10915522
02.12.2020 23:00;10655123
03.12.2020 00:00;10195492
03.12.2020 01:00;9841247
03.12.2020 02:00;9716331
03.12.2020 03:00;9686426
03.12.2020 04:00;9726584
03.12.2020 05:00;10081324
03.12.2020 06:00;10940203
03.12.2020 07:00;11507898
03.12.2020 08:00;11744782
03.12.2020 09:00;11658843
03.12.2020 10:00;11630318
03.12.2020 11:00;11729610
03.12.2020 12:00;11699231
03.12.2020 13:00;11652914
03.12.2020 14:00;11583037
03.12.2020 15:00;11798510
03.12.2020 16:00;11817198
03.12.2020 17:00;11794314
03.12.2020 18:00;11780237
03.12.2020 19:00;11752221
03.12.2020 20:00;11559473
03.12.2020 21:00;11079390
03.12.2020 22:00;11147691
03.12.2020 23:00;10851018
04.12.2020 00:00;10351258
04.12.2020 01:00;10017307
04.12.2020 02:00;9826147
04.12.2020 03:00;9779437
04.12.2020 04:00;9885364
04.12.2020 05:00;10264145
04.12.2020 06:00;10982656
04.12.2020 07:00;11468132
04.12.2020 08:00;11799693
04.12.2020 09:00;11735868
04.12.2020 10:00;11776192
04.12.2020 11:00;11776127
04.12.2020 12:00;11679393
04.12.2020 13:00;11726288
04.12.2020 14:00;11678352
04.12.2020 15:00;11891509
04.12.2020 16:00;11891830
04.12.2020 17:00;11848990
04.12.2020 18:00;11801801
04.12.2020 19:00;11700348
04.12.2020 20:00;11314558
04.12.2020 21:00;10869756
04.12.2020 22:00;10892913
04.12.2020 23:00;10623835
05.12.2020 00:00;10103057
05.12.2020 01:00;9647893
05.12.2020 02:00;9523432
05.12.2020 03:00;9433646
05.12.2020 04:00;9386395
05.12.2020 05:00;9455014
05.12.2020 06:00;9715086
05.12.2020 07:00;9819236
05.12.2020 08:00;10143506
05.12.2020 09:00;10300860
05.12.2020 10:00;10382570
05.12.2020 11:00;10511694
05.12.2020 12:00;10564277
05.12.2020 13:00;10580521
05.12.2020 14:00;10668441
05.12.2020 15:00;10951974
05.12.2020 16:00;11110703
05.12.2020 17:00;11193998
05.12.2020 18:00;11170177
05.12.2020 19:00;10937594
05.12.2020 20:00;10604358
05.12.2020 21:00;10142565
05.12.2020 22:00;10286611
05.12.2020 23:00;10093235
06.12.2020 00:00;9679471
06.12.2020 01:00;9280639
06.12.2020 02:00;9087146
06.12.2020 03:00;8967660
06.12.2020 04:00;8911455
06.12.2020 05:00;8975642
06.12.2020 06:00;9123912
06.12.2020 07:00;9246475
06.12.2020 08:00;9524426
06.12.2020 09:00;9704445
06.12.2020 10:00;9834485
06.12.2020 11:00;10003097
06.12.2020 12:00;10080279
06.12.2020 13:00;10063292
06.12.2020 14:00;10128771
06.12.2020 15:00;10403118
06.12.2020 16:00;10475944
06.12.2020 17:00;10502637
06.12.2020 18:00;10462967
06.12.2020 19:00;10342087
06.12.2020 20:00;10138776
06.12.2020 21:00;9816793
06.12.2020 22:00;10070753
06.12.2020 23:00;9913302
07.12.2020 00:00;9460407
07.12.2020 01:00;9218815
07.12.2020 02:00;9038863
07.12.2020 03:00;8995268
07.12.2020 04:00;9079314
07.12.2020 05:00;9457374
07.12.2020 06:00;10314351
07.12.2020 07:00;10872969
07.12.2020 08:00;11221454
07.12.2020 09:00;11199572
07.12.2020 10:00;11125113
07.12.2020 11:00;11146072
07.12.2020 12:00;11096659
07.12.2020 13:00;10999636
07.12.2020 14:00;11000282
07.12.2020 15:00;11214501
07.12.2020 16:00;11420251
07.12.2020 17:00;11352848
07.12.2020 18:00;11255272
07.12.2020 19:00;11333195
07.12.2020 20:00;11095384
07.12.2020 21:00;10683181
07.12.2020 22:00;10798506
07.12.2020 23:00;10586317
08.12.2020 00:00;10097519
08.12.2020 01:00;9720961
08.12.2020 02:00;9522623
08.12.2020 03:00;9531229
08.12.2020 04:00;9592496
08.12.2020 05:00;9940657
08.12.2020 06:00;10774716
08.12.2020 07:00;11265785
08.12.2020 08:00;11540640
08.12.2020 09:00;11428978
08.12.2020 10:00;11362402
08.12.2020 11:00;11457923
08.12.2020 12:00;11490718
08.12.2020 13:00;11427584
08.12.2020 14:00;11448241
08.12.2020 15:00;11669008
08.12.2020 16:00;11793162
08.12.2020 17:00;11758534
08.12.2020 18:00;11697744
08.12.2020 19:00;11716067
08.12.2020 20:00;11458113
08.12.2020 21:00;11058544
08.12.2020 22:00;11146792
08.12.2020 23:00;10857925
09.12.2020 00:00;10456191
09.12.2020 01:00;10064622
09.12.2020 02:00;9866937
09.12.2020 03:00;9851699
09.12.2020 04:00;9964845
09.12.2020 05:00;10373621
09.12.2020 06:00;11138476
09.12.2020 07:00;11600747
09.12.2020 08:00;11930113
09.12.2020 09:00;11758135
09.12.2020 10:00;11751874
09.12.2020 11:00;11779620
09.12.2020 12:00;11783250
09.12.2020 13:00;11729339
09.12.2020 14:00;11739119
09.12.2020 15:00;11898544
09.12.2020 16:00;11893516
09.12.2020 17:00;11968275
09.12.2020 18:00;11942924
09.12.2020 19:00;11947051
09.12.2020 20:00;11643049
09.12.2020 21:00;11109609
09.12.2020 22:00;11115122
09.12.2020 23:00;10890536
10.12.2020 00:00;10462643
10.12.2020 01:00;10193013
10.12.2020 02:00;9991567
10.12.2020 03:00;9946839
10.12.2020 04:00;10068563
10.12.2020 05:00;10411425
10.12.2020 06:00;11230287
10.12.2020 07:00;11693018
10.12.2020 08:00;11955918
10.12.2020 09:00;11838520
10.12.2020 10:00;11710358
10.12.2020 11:00;11744787
10.12.2020 12:00;11765154
10.12.2020 13:00;11407715
10.12.2020 14:00;11509421
10.12.2020 15:00;11811738
10.12.2020 16:00;11920428
10.12.2020 17:00;11887358
10.12.2020 18:00;11880421
10.12.2020 19:00;11878546
10.12.2020 20:00;11577180
10.12.2020 21:00;11081412
10.12.2020 22:00;11119905
10.12.2020 23:00;10801169
11.12.2020 00:00;10336047
11.12.2020 01:00;10104033
11.12.2020 02:00;10015117
11.12.2020 03:00;9917044
11.12.2020 04:00;10019284
11.12.2020 05:00;10337150
11.12.2020 06:00;11051600
11.12.2020 07:00;11434496
11.12.2020 08:00;11865565
11.12.2020 09:00;11914222
11.12.2020 10:00;11859251
11.12.2020 11:00;11885045
11.12.2020 12:00;11925344
11.12.2020 13:00;11874814
11.12.2020 14:00;11880377
11.12.2020 15:00;12166631
11.12.2020 16:00;12086479
11.12.2020 17:00;11947849
11.12.2020 18:00;11842378
11.12.2020 19:00;11712884
11.12.2020 20:00;11494938
11.12.2020 21:00;11100298
11.12.2020 22:00;11173355
11.12.2020 23:00;10884444
12.12.2020 00:00;10425246
12.12.2020 01:00;10043765
12.12.2020 02:00;9935223
12.12.2020 03:00;9842603
12.12.2020 04:00;9867124
12.12.2020 05:00;9915169
12.12.2020 06:00;10178966
12.12.2020 07:00;10311927
12.12.2020 08:00;10625668
12.12.2020 09:00;10651277
12.12.2020 10:00;10752335
12.12.2020 11:00;10814167
12.12.2020 12:00;10809404
12.12.2020 13:00;10802112
12.12.2020 14:00;10895127
12.12.2020 15:00;11261501
12.12.2020 16:00;11363145
12.12.2020 17:00;11559825
12.12.2020 18:00;11662236
12.12.2020 19:00;11508400
12.12.2020 20:00;11103912
12.12.2020 21:00;10638095
12.12.2020 22:00;10793507
12.12.2020 23:00;10561113
13.12.2020 00:00;10241106
13.12.2020 01:00;9919871
13.12.2020 02:00;9711245
13.12.2020 03:00;9610344
13.12.2020 04:00;9615761
13.12.2020 05:00;9719904
13.12.2020 06:00;9858130
13.12.2020 07:00;9928291
13.12.2020 08:00;10221207
13.12.2020 09:00;10344445
13.12.2020 10:00;10482944
13.12.2020 11:00;10565650
13.12.2020 12:00;10670465
13.12.2020 13:00;10622406
13.12.2020 14:00;10694974
13.12.2020 15:00;10995081
13.12.2020 16:00;11107247
13.12.2020 17:00;11132307
13.12.2020 18:00;11157215
13.12.2020 19:00;11159565
13.12.2020 20:00;10975496
13.12.2020 21:00;10597500
13.12.2020 22:00;10788821
13.12.2020 23:00;10646619
14.12.2020 00:00;10310710
14.12.2020 01:00;9992965
14.12.2020 02:00;9820088
14.12.2020 03:00;9766884
14.12.2020 04:00;9905188
14.12.2020 05:00;10310846
14.12.2020 06:00;11085501
14.12.2020 07:00;11605461
14.12.2020 08:00;11894778
14.12.2020 09:00;11931664
14.12.2020 10:00;11838445
14.12.2020 11:00;11886949
14.12.2020 12:00;11920399
14.12.2020 13:00;11873581
14.12.2020 14:00;11858496
14.12.2020 15:00;12088812
14.12.2020 16:00;12131579
14.12.2020 17:00;11946052
14.12.2020 18:00;11814011
14.12.2020 19:00;11757160
14.12.2020 20:00;11543475
14.12.2020 21:00;11131298
14.12.2020 22:00;11191471
14.12.2020 23:00;10862711
15.12.2020 00:00;10410866
15.12.2020 01:00;10082607
15.12.2020 02:00;9899721
15.12.2020 03:00;9764646
15.12.2020 04:00;9817351
15.12.2020 05:00;10178500
15.12.2020 06:00;10893378
15.12.2020 07:00;11484865
15.12.2020 08:00;11848802
15.12.2020 09:00;11773253
15.12.2020 10:00;11600366
15.12.2020 11:00;11595246
15.12.2020 12:00;11604071
15.12.2020 13:00;11552431
15.12.2020 14:00;11544934
15.12.2020 15:00;11706107
15.12.2020 16:00;11674113
15.12.2020 17:00;11579025
15.12.2020 18:00;11519381
15.12.2020 19:00;11478146
15.12.2020 20:00;11296839
15.12.2020 21:00;10817850
15.12.2020 22:00;10774644
15.12.2020 23:00;10492152
16.12.2020 00:00;9882402
16.12.2020 01:00;9612824
16.12.2020 02:00;9412747
16.12.2020 03:00;9339854
16.12.2020 04:00;9444343
16.12.2020 05:00;9784936
16.12.2020 06:00;10523948
16.12.2020 07:00;10972453
16.12.2020 08:00;11345904
16.12.2020 09:00;11319603
16.12.2020 10:00;11178088
16.12.2020 11:00;11186654
16.12.2020 12:00;11145875
16.12.2020 13:00;11127387
16.12.2020 14:00;11091243
16.12.2020 15:00;11393004
16.12.2020 16:00;11422250
16.12.2020 17:00;11321538
16.12.2020 18:00;11345890
16.12.2020 19:00;11362910
16.12.2020 20:00;11084403
16.12.2020 21:00;10613111
16.12.2020 22:00;10632064
16.12.2020 23:00;10352168
17.12.2020 00:00;9902973
17.12.2020 01:00;9565557
17.12.2020 02:00;9372749
17.12.2020 03:00;9310437
17.12.2020 04:00;9312181
17.12.2020 05:00;9663580
17.12.2020 06:00;10451550
17.12.2020 07:00;10964634
17.12.2020 08:00;11284493
17.12.2020 09:00;11237529
17.12.2020 10:00;11140620
17.12.2020 11:00;11189209
17.12.2020 12:00;11211640
17.12.2020 13:00;11132967
17.12.2020 14:00;11222462
17.12.2020 15:00;11573123
17.12.2020 16:00;11656907
17.12.2020 17:00;11552173
17.12.2020 18:00;11541520
17.12.2020 19:00;11578149
17.12.2020 20:00;11434748
17.12.2020 21:00;11003359
17.12.2020 22:00;11067649
17.12.2020 23:00;10855371
18.12.2020 00:00;10365364
18.12.2020 01:00;10069132
18.12.2020 02:00;9854051
18.12.2020 03:00;9783559
18.12.2020 04:00;9834498
18.12.2020 05:00;10208088
18.12.2020 06:00;10943355
18.12.2020 07:00;11363344
18.12.2020 08:00;11653769
18.12.2020 09:00;11731641
18.12.2020 10:00;11599991
18.12.2020 11:00;11618531
18.12.2020 12:00;11556569
18.12.2020 13:00;11344024
18.12.2020 14:00;11381606
18.12.2020 15:00;11681330
18.12.2020 16:00;11774595
18.12.2020 17:00;11651743
18.12.2020 18:00;11637834
18.12.2020 19:00;11525810
18.12.2020 20:00;11203272
18.12.2020 21:00;10787038
18.12.2020 22:00;10864529
18.12.2020 23:00;10561935
19.12.2020 00:00;10044142
19.12.2020 01:00;9659054
19.12.2020 02:00;9522773
19.12.2020 03:00;9379296
19.12.2020 04:00;9332756
19.12.2020 05:00;9472407
19.12.2020 06:00;9678254
19.12.2020 07:00;9878552
19.12.2020 08:00;10200016
19.12.2020 09:00;10279427
19.12.2020 10:00;10397326
19.12.2020 11:00;10435335
19.12.2020 12:00;10408621
19.12.2020 13:00;10460556
19.12.2020 14:00;10513900
19.12.2020 15:00;10878831
19.12.2020 16:00;11033433
19.12.2020 17:00;11138290
19.12.2020 18:00;11225906
19.12.2020 19:00;11070379
19.12.2020 20:00;10705868
19.12.2020 21:00;10194954
19.12.2020 22:00;10246466
19.12.2020 23:00;10081395
20.12.2020 00:00;9547033
20.12.2020 01:00;9103343
20.12.2020 02:00;8911348
20.12.2020 03:00;8747733
20.12.2020 04:00;8749117
20.12.2020 05:00;8839123
20.12.2020 06:00;8975643
20.12.2020 07:00;9064902
20.12.2020 08:00;9342574
20.12.2020 09:00;9563473
20.12.2020 10:00;9674569
20.12.2020 11:00;9827196
20.12.2020 12:00;9916634
20.12.2020 13:00;9912743
20.12.2020 14:00;9957833
20.12.2020 15:00;10160700
20.12.2020 16:00;10255888
20.12.2020 17:00;10373342
20.12.2020 18:00;10402478
20.12.2020 19:00;10340981
20.12.2020 20:00;10159738
20.12.2020 21:00;9721744
20.12.2020 22:00;9914118
20.12.2020 23:00;9757765
21.12.2020 00:00;9279573
21.12.2020 01:00;8889168
21.12.2020 02:00;8684123
21.12.2020 03:00;8619288
21.12.2020 04:00;8627845
21.12.2020 05:00;8975400
21.12.2020 06:00;9753528
21.12.2020 07:00;10300639
21.12.2020 08:00;10719541
21.12.2020 09:00;10804927
21.12.2020 10:00;10704227
21.12.2020 11:00;10707328
21.12.2020 12:00;10742536
21.12.2020 13:00;10764697
21.12.2020 14:00;10809316
21.12.2020 15:00;10946092
21.12.2020 16:00;10882611
21.12.2020 17:00;10798734
21.12.2020 18:00;10720951
21.12.2020 19:00;10700465
21.12.2020 20:00;10516096
21.12.2020 21:00;10033076
21.12.2020 22:00;10113438
21.12.2020 23:00;9828411
22.12.2020 00:00;9261619
22.12.2020 01:00;8851784
22.12.2020 02:00;8649736
22.12.2020 03:00;8539688
22.12.2020 04:00;8579888
22.12.2020 05:00;8822331
22.12.2020 06:00;9456103
22.12.2020 07:00;9909485
22.12.2020 08:00;10245354
22.12.2020 09:00;10258861
22.12.2020 10:00;10229369
22.12.2020 11:00;10280298
22.12.2020 12:00;10290268
22.12.2020 13:00;10290615
22.12.2020 14:00;10331364
22.12.2020 15:00;10518078
22.12.2020 16:00;10549015
22.12.2020 17:00;10526941
22.12.2020 18:00;10469846
22.12.2020 19:00;10483046
22.12.2020 20:00;10302079
22.12.2020 21:00;9864261
22.12.2020 22:00;9960210
22.12.2020 23:00;9684110
23.12.2020 00:00;9192786
23.12.2020 01:00;8814370
23.12.2020 02:00;8608571
23.12.2020 03:00;8499429
23.12.2020 04:00;8551595
23.12.2020 05:00;8882536
23.12.2020 06:00;9539761
23.12.2020 07:00;10010084
23.12.2020 08:00;10412999
23.12.2020 09:00;10554480
23.12.2020 10:00;10452774
23.12.2020 11:00;10470439
23.12.2020 12:00;10443566
23.12.2020 13:00;10398151
23.12.2020 14:00;10345297
23.12.2020 15:00;10547353
23.12.2020 16:00;10631321
23.12.2020 17:00;10635239
23.12.2020 18:00;10641557
23.12.2020 19:00;10597571
23.12.2020 20:00;10414935
23.12.2020 21:00;9941503
23.12.2020 22:00;10097737
23.12.2020 23:00;9815609
24.12.2020 00:00;9276396
24.12.2020 01:00;8822839
24.12.2020 02:00;8582173
24.12.2020 03:00;8407105
24.12.2020 04:00;8331312
24.12.2020 05:00;8451738
24.12.2020 06:00;8733469
24.12.2020 07:00;9028409
24.12.2020 08:00;9475762
24.12.2020 09:00;9667782
24.12.2020 10:00;9785301
24.12.2020 11:00;9851503
24.12.2020 12:00;9841819
24.12.2020 13:00;9825281
24.12.2020 14:00;9854521
24.12.2020 15:00;10069703
24.12.2020 16:00;10064526
24.12.2020 17:00;9825264
24.12.2020 18:00;9627166
24.12.2020 19:00;9489425
24.12.2020 20:00;9271932
24.12.2020 21:00;9090802
24.12.2020 22:00;9488869
24.12.2020 23:00;9428152
25.12.2020 00:00;9056788
25.12.2020 01:00;8704173
25.12.2020 02:00;8455475
25.12.2020 03:00;8348568
25.12.2020 04:00;8369360
25.12.2020 05:00;8440553
25.12.2020 06:00;8696358
25.12.2020 07:00;8807404
25.12.2020 08:00;9046841
25.12.2020 09:00;9127233
25.12.2020 10:00;9175836
25.12.2020 11:00;9384550
25.12.2020 12:00;9447675
25.12.2020 13:00;9490643
25.12.2020 14:00;9602694
25.12.2020 15:00;9958849
25.12.2020 16:00;10092650
25.12.2020 17:00;10048439
25.12.2020 18:00;10087254
25.12.2020 19:00;10017793
25.12.2020 20:00;9884613
25.12.2020 21:00;9615378
25.12.2020 22:00;9899614
25.12.2020 23:00;9703762
26.12.2020 00:00;9343444
26.12.2020 01:00;8980336
26.12.2020 02:00;8818918
26.12.2020 03:00;8705065
26.12.2020 04:00;8694122
26.12.2020 05:00;8829313
26.12.2020 06:00;8993703
26.12.2020 07:00;9099683
26.12.2020 08:00;9415376
26.12.2020 09:00;9582660
26.12.2020 10:00;9644544
26.12.2020 11:00;9854562
26.12.2020 12:00;9855574
26.12.2020 13:00;9922975
26.12.2020 14:00;9986124
26.12.2020 15:00;10296489
26.12.2020 16:00;10442089
26.12.2020 17:00;10537468
26.12.2020 18:00;10594053
26.12.2020 19:00;10478680
26.12.2020 20:00;10218446
26.12.2020 21:00;9825728
26.12.2020 22:00;10050023
26.12.2020 23:00;9919181
27.12.2020 00:00;9497534
27.12.2020 01:00;9143412
27.12.2020 02:00;8968119
27.12.2020 03:00;8793359
27.12.2020 04:00;8759274
27.12.2020 05:00;8812822
27.12.2020 06:00;8944997
27.12.2020 07:00;9009785
27.12.2020 08:00;9301580
27.12.2020 09:00;9427788
27.12.2020 10:00;9516941
27.12.2020 11:00;9681821
27.12.2020 12:00;9757102
27.12.2020 13:00;9823330
27.12.2020 14:00;9882954
27.12.2020 15:00;10195923
27.12.2020 16:00;10329698
27.12.2020 17:00;10390849
27.12.2020 18:00;10460057
27.12.2020 19:00;10430898
27.12.2020 20:00;10206864
27.12.2020 21:00;9884689
27.12.2020 22:00;10132602
27.12.2020 23:00;9991357
28.12.2020 00:00;9647231
28.12.2020 01:00;9326558
28.12.2020 02:00;9136306
28.12.2020 03:00;9079575
28.12.2020 04:00;9072772
28.12.2020 05:00;9435775
28.12.2020 06:00;10058747
28.12.2020 07:00;10435335
28.12.2020 08:00;10815691
28.12.2020 09:00;10907335
28.12.2020 10:00;10881348
28.12.2020 11:00;10935729
28.12.2020 12:00;10980609
28.12.2020 13:00;10931449
28.12.2020 14:00;10932830
28.12.2020 15:00;11235725
28.12.2020 16:00;11291830
28.12.2020 17:00;11167985
28.12.2020 18:00;11080589
28.12.2020 19:00;11099631
28.12.2020 20:00;10854316
28.12.2020 21:00;10424453
28.12.2020 22:00;10591708
28.12.2020 23:00;10367112
29.12.2020 00:00;9906001
29.12.2020 01:00;9592612
29.12.2020 02:00;9394011
29.12.2020 03:00;9308948
29.12.2020 04:00;9345270
29.12.2020 05:00;9634590
29.12.2020 06:00;10216461
29.12.2020 07:00;10519767
29.12.2020 08:00;10877638
29.12.2020 09:00;10956503
29.12.2020 10:00;10944025
29.12.2020 11:00;11019104
29.12.2020 12:00;11095560
29.12.2020 13:00;11053989
29.12.2020 14:00;11095148
29.12.2020 15:00;11385720
29.12.2020 16:00;11269123
29.12.2020 17:00;11246661
29.12.2020 18:00;11217869
29.12.2020 19:00;11216326
29.12.2020 20:00;10994194
29.12.2020 21:00;10625878
29.12.2020 22:00;10672377
29.12.2020 23:00;10511087
30.12.2020 00:00;10039229
30.12.2020 01:00;9677658
30.12.2020 02:00;9506978
30.12.2020 03:00;9417134
30.12.2020 04:00;9478702
30.12.2020 05:00;9750600
30.12.2020 06:00;10253731
30.12.2020 07:00;10553799
30.12.2020 08:00;10860212
30.12.2020 09:00;10915689
30.12.2020 10:00;10848673
30.12.2020 11:00;11012361
30.12.2020 12:00;11030936
30.12.2020 13:00;10988505
30.12.2020 14:00;10998101
30.12.2020 15:00;11286847
30.12.2020 16:00;11249664
30.12.2020 17:00;11177950
30.12.2020 18:00;11267796
30.12.2020 19:00;11254711
30.12.2020 20:00;11055415
30.12.2020 21:00;10625326
30.12.2020 22:00;10725571
30.12.2020 23:00;10466705
31.12.2020 00:00;9996865
31.12.2020 01:00;9647598
31.12.2020 02:00;9395841
31.12.2020 03:00;9306651
31.12.2020 04:00;9361994
31.12.2020 05:00;9606814
31.12.2020 06:00;10076168
31.12.2020 07:00;10393150
31.12.2020 08:00;10713459
31.12.2020 09:00;10849707
31.12.2020 10:00;10786242
31.12.2020 11:00;10820799
31.12.2020 12:00;10810700
31.12.2020 13:00;10743024
31.12.2020 14:00;10657607
31.12.2020 15:00;10984538
31.12.2020 16:00;11147797
31.12.2020 17:00;11079733
31.12.2020 18:00;10904008
31.12.2020 19:00;10742467
31.12.2020 20:00;10472090
31.12.2020 21:00;10129802
31.12.2020 22:00;10434040
31.12.2020 23:00;10343635
31.12.2020 23:00;10343635
